t,open_handles,streaming_handles,readahead_window_blocks,prefetch_committed_bytes,prefetch_budget_bytes
0.003,0,0,223,0,4.981560064e+10
0.204,0,0,223,0,4.981560064e+10
0.404,0,0,223,0,4.981560064e+10
0.605,0,0,223,0,4.981560064e+10
0.806,0,0,223,0,4.981560064e+10
1.007,112,0,223,0,4.981560064e+10
1.208,112,0,223,0,4.981560064e+10
1.409,112,0,223,0,4.981560064e+10
1.610,112,0,223,0,4.981560064e+10
1.811,112,0,223,0,4.981560064e+10
2.012,112,0,223,0,4.981560064e+10
2.213,112,0,223,0,4.981560064e+10
2.414,112,0,223,0,4.981560064e+10
2.615,112,0,223,0,4.981560064e+10
2.816,112,0,223,0,4.981560064e+10
3.017,112,0,223,0,4.981560064e+10
3.218,112,0,223,0,4.981560064e+10
3.420,112,0,223,0,4.981560064e+10
3.621,112,0,223,0,4.981560064e+10
3.823,112,0,223,0,4.981560064e+10
4.024,112,0,223,0,4.981560064e+10
4.225,112,0,223,0,4.981560064e+10
4.427,112,1,223,1.870659584e+09,4.981560064e+10
4.629,112,1,223,1.870659584e+09,4.981560064e+10
4.830,112,3,223,5.611978752e+09,4.981560064e+10
5.032,112,11,223,2.0577255424e+10,4.981560064e+10
5.234,112,21,223,3.9283851264e+10,4.981560064e+10
5.435,112,30,197,5.561647104e+10,4.981560064e+10
5.637,112,41,144,7.0900514816e+10,4.981560064e+10
5.844,112,52,114,8.2569068544e+10,4.981560064e+10
6.046,112,65,91,9.35329792e+10,4.981560064e+10
6.248,112,76,78,1.01225332736e+11,4.981560064e+10
6.449,112,84,70,1.0615783424e+11,4.981560064e+10
6.651,112,91,65,1.10092091392e+11,4.981560064e+10
6.852,112,97,61,1.13229430784e+11,4.981560064e+10
7.054,112,105,56,1.17121744896e+11,4.981560064e+10
7.255,112,108,54,1.18505865216e+11,4.981560064e+10
7.457,112,111,53,1.19848042496e+11,4.981560064e+10
7.658,112,112,53,1.2029263872e+11,4.981560064e+10
7.860,112,112,53,1.2029263872e+11,4.981560064e+10
8.062,112,112,53,1.2029263872e+11,4.981560064e+10
8.263,112,112,53,1.2029263872e+11,4.981560064e+10
8.465,112,112,53,1.2029263872e+11,4.981560064e+10
8.667,112,112,53,1.2029263872e+11,4.981560064e+10
8.868,112,112,53,1.20291590144e+11,4.981560064e+10
9.070,112,112,53,1.20291590144e+11,4.981560064e+10
9.271,112,112,53,1.20291590144e+11,4.981560064e+10
9.473,112,112,53,1.20286347264e+11,4.981560064e+10
9.675,112,112,53,1.20280055808e+11,4.981560064e+10
9.876,112,112,53,1.2027691008e+11,4.981560064e+10
10.079,112,112,53,1.20274812928e+11,4.981560064e+10
10.280,112,112,53,1.20272715776e+11,4.981560064e+10
10.482,112,112,53,1.20272715776e+11,4.981560064e+10
10.683,112,112,53,1.20272715776e+11,4.981560064e+10
10.884,112,112,53,1.20272715776e+11,4.981560064e+10
11.086,112,112,53,1.202716672e+11,4.981560064e+10
11.288,112,112,53,1.20270618624e+11,4.981560064e+10
11.491,112,112,53,1.20270618624e+11,4.981560064e+10
11.693,112,112,53,1.20270618624e+11,4.981560064e+10
11.894,112,112,53,1.20270618624e+11,4.981560064e+10
12.095,112,112,53,1.20270618624e+11,4.981560064e+10
12.297,112,112,53,1.20269570048e+11,4.981560064e+10
12.498,112,112,53,1.20269570048e+11,4.981560064e+10
12.702,112,112,53,1.20269570048e+11,4.981560064e+10
12.904,112,112,53,1.20269570048e+11,4.981560064e+10
13.105,112,112,53,1.20269570048e+11,4.981560064e+10
13.306,112,112,53,1.20269570048e+11,4.981560064e+10
13.508,112,112,53,1.20269570048e+11,4.981560064e+10
13.709,112,112,53,1.20269570048e+11,4.981560064e+10
13.910,112,112,53,1.20268521472e+11,4.981560064e+10
14.111,112,112,53,1.20268521472e+11,4.981560064e+10
14.313,112,112,53,1.20265375744e+11,4.981560064e+10
14.514,112,112,53,1.20264327168e+11,4.981560064e+10
14.715,112,112,53,1.20264327168e+11,4.981560064e+10
14.917,112,112,53,1.20263278592e+11,4.981560064e+10
15.118,112,112,53,1.20263278592e+11,4.981560064e+10
15.319,112,112,53,1.20263278592e+11,4.981560064e+10
15.525,112,112,53,1.20263278592e+11,4.981560064e+10
15.726,112,112,53,1.20263278592e+11,4.981560064e+10
15.927,112,112,53,1.20262230016e+11,4.981560064e+10
16.128,112,112,53,1.20262230016e+11,4.981560064e+10
16.330,112,112,53,1.20262230016e+11,4.981560064e+10
16.531,112,112,53,1.20262230016e+11,4.981560064e+10
16.732,112,112,53,1.2026118144e+11,4.981560064e+10
16.933,112,112,53,1.2026118144e+11,4.981560064e+10
17.135,112,112,53,1.20260132864e+11,4.981560064e+10
17.336,112,112,53,1.20260132864e+11,4.981560064e+10
17.538,112,112,53,1.20260132864e+11,4.981560064e+10
17.739,112,112,53,1.20260132864e+11,4.981560064e+10
17.940,112,112,53,1.20259084288e+11,4.981560064e+10
18.141,112,112,53,1.20258035712e+11,4.981560064e+10
18.342,112,112,53,1.20258035712e+11,4.981560064e+10
18.544,112,112,53,1.20258035712e+11,4.981560064e+10
18.745,112,112,53,1.20253841408e+11,4.981560064e+10
18.947,112,112,53,1.20252792832e+11,4.981560064e+10
19.148,112,112,53,1.2025069568e+11,4.981560064e+10
19.350,112,112,53,1.2025069568e+11,4.981560064e+10
19.551,112,112,53,1.2025069568e+11,4.981560064e+10
19.752,112,112,53,1.20248598528e+11,4.981560064e+10
19.954,112,112,53,1.20242307072e+11,4.981560064e+10
20.155,112,112,53,1.20239161344e+11,4.981560064e+10
20.357,112,112,53,1.20238112768e+11,4.981560064e+10
20.559,112,112,53,1.20237064192e+11,4.981560064e+10
20.760,112,112,53,1.20232869888e+11,4.981560064e+10
20.962,112,112,53,1.20223432704e+11,4.981560064e+10
21.163,112,112,53,1.20218189824e+11,4.981560064e+10
21.365,112,112,53,1.20200364032e+11,4.981560064e+10
21.566,112,112,53,1.20162615296e+11,4.981560064e+10
21.767,112,112,53,1.20118575104e+11,4.981560064e+10
21.968,112,112,53,1.20063000576e+11,4.981560064e+10
22.169,112,112,53,1.19995891712e+11,4.981560064e+10
22.370,112,112,53,1.1987320832e+11,4.981560064e+10
22.572,112,112,53,1.19602675712e+11,4.981560064e+10
22.773,112,112,53,1.19195828224e+11,4.981560064e+10
22.974,112,112,53,1.185415168e+11,4.981560064e+10
23.176,112,112,53,1.1774459904e+11,4.981560064e+10
23.377,112,112,53,1.16796686336e+11,4.981560064e+10
23.578,112,112,53,1.15839336448e+11,4.981560064e+10
23.780,112,112,53,1.14894569472e+11,4.981560064e+10
23.981,112,112,53,1.13940365312e+11,4.981560064e+10
24.182,112,112,53,1.129316352e+11,4.981560064e+10
24.383,112,112,53,1.11957508096e+11,4.981560064e+10
24.584,112,112,53,1.10932000768e+11,4.981560064e+10
24.785,112,112,53,1.10012399616e+11,4.981560064e+10
24.987,112,112,53,1.089994752e+11,4.981560064e+10
25.188,112,112,53,1.07995987968e+11,4.981560064e+10
25.389,112,112,53,1.06880303104e+11,4.981560064e+10
25.591,112,112,53,1.05863184384e+11,4.981560064e+10
25.793,112,112,53,1.04881717248e+11,4.981560064e+10
25.994,112,112,53,1.0386669568e+11,4.981560064e+10
26.195,112,112,53,1.02824411136e+11,4.981560064e+10
26.397,112,112,53,1.01829312512e+11,4.981560064e+10
26.599,112,112,53,1.00791222272e+11,4.981560064e+10
26.800,112,112,53,9.9759423488e+10,4.981560064e+10
27.001,112,112,53,9.9591651328e+10,4.981560064e+10
27.204,112,112,53,9.9571728384e+10,4.981560064e+10
27.405,112,112,53,9.956753408e+10,4.981560064e+10
27.606,112,112,53,9.955704832e+10,4.981560064e+10
27.808,112,112,53,9.954131968e+10,4.981560064e+10
28.009,112,112,53,9.9533979648e+10,4.981560064e+10
28.210,112,112,53,9.9521396736e+10,4.981560064e+10
28.411,112,112,53,9.9493085184e+10,4.981560064e+10
28.612,112,112,53,9.9412344832e+10,4.981560064e+10
28.813,112,112,53,9.9107209216e+10,4.981560064e+10
29.015,112,112,53,9.86447872e+10,4.981560064e+10
29.216,112,112,53,9.8302951424e+10,4.981560064e+10
29.417,112,112,53,9.7540636672e+10,4.981560064e+10
29.619,112,112,53,9.7227112448e+10,4.981560064e+10
29.821,112,112,53,9.6669270016e+10,4.981560064e+10
30.023,112,112,53,9.6172244992e+10,4.981560064e+10
30.224,112,112,53,9.58660608e+10,4.981560064e+10
30.425,112,112,53,9.5553585152e+10,4.981560064e+10
30.626,112,112,53,9.5010422784e+10,4.981560064e+10
30.828,112,112,53,9.4674878464e+10,4.981560064e+10
31.029,112,112,53,9.4372888576e+10,4.981560064e+10
31.230,112,112,53,9.409921024e+10,4.981560064e+10
31.432,112,112,53,9.3832871936e+10,4.981560064e+10
31.634,112,112,53,9.339142144e+10,4.981560064e+10
31.835,112,112,53,9.312927744e+10,4.981560064e+10
32.037,112,112,53,9.28514048e+10,4.981560064e+10
32.238,112,112,53,9.2611280896e+10,4.981560064e+10
32.440,112,112,53,9.2378497024e+10,4.981560064e+10
32.642,112,112,53,9.2060778496e+10,4.981560064e+10
32.843,112,112,53,9.1793391616e+10,4.981560064e+10
33.045,112,112,53,9.168224256e+10,4.981560064e+10
33.246,112,112,53,9.1306852352e+10,4.981560064e+10
33.448,112,112,53,9.1159003136e+10,4.981560064e+10
33.649,112,112,53,9.0879033344e+10,4.981560064e+10
33.851,112,112,53,9.0706018304e+10,4.981560064e+10
34.052,112,112,53,9.0526711808e+10,4.981560064e+10
34.253,112,112,53,9.0078969856e+10,4.981560064e+10
34.455,112,112,53,9.0002423808e+10,4.981560064e+10
34.656,112,112,53,8.9799000064e+10,4.981560064e+10
34.858,112,112,53,8.9586139136e+10,4.981560064e+10
35.060,112,112,53,8.9374326784e+10,4.981560064e+10
35.261,112,112,53,8.9236963328e+10,4.981560064e+10
35.463,112,112,53,8.9117425664e+10,4.981560064e+10
35.664,112,112,53,8.89192448e+10,4.981560064e+10
35.866,112,112,53,8.8750424064e+10,4.981560064e+10
36.067,112,112,53,8.86571008e+10,4.981560064e+10
36.268,112,112,53,8.8464162816e+10,4.981560064e+10
36.469,112,112,53,8.8260739072e+10,4.981560064e+10
36.671,112,112,53,8.8041586688e+10,4.981560064e+10
36.872,112,112,53,8.7911563264e+10,4.981560064e+10
37.073,112,112,53,8.7887446016e+10,4.981560064e+10
37.274,112,112,53,8.7547707392e+10,4.981560064e+10
37.476,112,112,53,8.7411392512e+10,4.981560064e+10
37.677,112,112,53,8.7285563392e+10,4.981560064e+10
37.878,112,112,53,8.7239426048e+10,4.981560064e+10
38.080,112,112,53,8.6973087744e+10,4.981560064e+10
38.281,112,112,53,8.6896541696e+10,4.981560064e+10
38.482,112,112,53,8.6787489792e+10,4.981560064e+10
38.684,112,112,53,8.6516957184e+10,4.981560064e+10
38.885,112,112,53,8.6466625536e+10,4.981560064e+10
39.086,112,112,53,8.6247473152e+10,4.981560064e+10
39.287,112,112,53,8.6006300672e+10,4.981560064e+10
39.489,112,112,53,8.6010494976e+10,4.981560064e+10
39.690,112,112,53,8.5800779776e+10,4.981560064e+10
39.891,112,112,53,8.567390208e+10,4.981560064e+10
40.092,112,112,53,8.5530247168e+10,4.981560064e+10
40.293,112,112,53,8.5444263936e+10,4.981560064e+10
40.494,112,112,53,8.531214336e+10,4.981560064e+10
40.696,112,112,53,8.5199945728e+10,4.981560064e+10
40.897,112,112,53,8.5078310912e+10,4.981560064e+10
41.099,112,112,53,8.4919975936e+10,4.981560064e+10
41.300,112,112,53,8.485076992e+10,4.981560064e+10
41.501,112,112,53,8.465154048e+10,4.981560064e+10
41.702,112,112,53,8.4568702976e+10,4.981560064e+10
41.903,112,112,53,8.4502642688e+10,4.981560064e+10
42.104,112,112,53,8.434221056e+10,4.981560064e+10
42.305,112,112,53,8.4231061504e+10,4.981560064e+10
42.506,112,112,53,8.4170244096e+10,4.981560064e+10
42.708,112,112,53,8.4017152e+10,4.981560064e+10
42.909,112,112,53,8.39122944e+10,4.981560064e+10
43.110,112,112,53,8.3785416704e+10,4.981560064e+10
43.311,112,112,53,8.3616595968e+10,4.981560064e+10
43.512,112,112,53,8.3573604352e+10,4.981560064e+10
43.713,112,112,53,8.3463503872e+10,4.981560064e+10
43.914,112,112,53,8.3274760192e+10,4.981560064e+10
44.115,112,112,53,8.321499136e+10,4.981560064e+10
44.316,112,112,53,8.3124813824e+10,4.981560064e+10
44.516,112,112,53,8.3112230912e+10,4.981560064e+10
44.717,112,112,53,8.2925584384e+10,4.981560064e+10
44.918,112,112,53,8.2837504e+10,4.981560064e+10
45.119,112,112,53,8.2759909376e+10,4.981560064e+10
45.320,112,112,53,8.2663440384e+10,4.981560064e+10
45.521,112,112,53,8.2600525824e+10,4.981560064e+10
45.722,112,112,53,8.2506153984e+10,4.981560064e+10
45.923,112,112,53,8.2385567744e+10,4.981560064e+10
46.124,112,112,53,8.2257641472e+10,4.981560064e+10
46.325,112,112,53,8.2214649856e+10,4.981560064e+10
46.526,112,112,53,8.201961472e+10,4.981560064e+10
46.727,112,112,53,8.1976623104e+10,4.981560064e+10
46.928,112,112,53,8.1847648256e+10,4.981560064e+10
47.129,112,112,53,8.1814093824e+10,4.981560064e+10
47.330,112,112,53,8.1691410432e+10,4.981560064e+10
47.531,112,112,53,8.1635835904e+10,4.981560064e+10
47.733,112,112,53,8.1585504256e+10,4.981560064e+10
47.934,112,112,53,8.1487986688e+10,4.981560064e+10
48.135,112,112,53,8.1418780672e+10,4.981560064e+10
48.336,112,112,53,8.1282465792e+10,4.981560064e+10
48.537,112,112,53,8.123318272e+10,4.981560064e+10
48.738,112,112,53,8.1120985088e+10,4.981560064e+10
48.939,112,112,53,8.1101062144e+10,4.981560064e+10
49.140,112,112,53,8.0938532864e+10,4.981560064e+10
49.341,112,112,53,8.0867229696e+10,4.981560064e+10
49.542,112,112,53,8.0827383808e+10,4.981560064e+10
49.743,112,112,53,8.069316608e+10,4.981560064e+10
49.944,112,112,53,8.0620814336e+10,4.981560064e+10
50.145,112,112,53,8.0554754048e+10,4.981560064e+10
50.347,112,112,53,8.03733504e+10,4.981560064e+10
50.548,112,112,53,8.0347136e+10,4.981560064e+10
50.749,112,112,53,8.0292610048e+10,4.981560064e+10
50.950,112,112,53,8.015839232e+10,4.981560064e+10
51.151,112,112,53,8.0091283456e+10,4.981560064e+10
51.352,112,112,53,8.0047243264e+10,4.981560064e+10
51.553,112,112,53,7.9960211456e+10,4.981560064e+10
51.753,112,112,53,7.9883665408e+10,4.981560064e+10
51.954,112,112,53,7.9798730752e+10,4.981560064e+10
52.155,112,112,53,7.9683387392e+10,4.981560064e+10
52.356,112,112,53,7.9654027264e+10,4.981560064e+10
52.557,112,112,53,7.9626764288e+10,4.981560064e+10
52.758,112,112,53,7.9533441024e+10,4.981560064e+10
52.959,112,112,53,7.9431729152e+10,4.981560064e+10
53.160,112,112,53,7.9349940224e+10,4.981560064e+10
53.361,112,112,53,7.9310094336e+10,4.981560064e+10
53.562,112,112,53,7.9285977088e+10,4.981560064e+10
53.763,112,112,53,7.9197896704e+10,4.981560064e+10
53.964,112,112,53,7.8997618688e+10,4.981560064e+10
54.164,112,112,53,7.8974550016e+10,4.981560064e+10
54.366,112,112,53,7.8933655552e+10,4.981560064e+10
54.566,112,112,53,7.8851866624e+10,4.981560064e+10
54.767,112,112,53,7.8735474688e+10,4.981560064e+10
54.968,112,112,53,7.868514304e+10,4.981560064e+10
55.169,112,112,53,7.8572945408e+10,4.981560064e+10
55.370,112,112,53,7.855931392e+10,4.981560064e+10
55.571,112,112,53,7.84859136e+10,4.981560064e+10
55.772,112,112,53,7.8427193344e+10,4.981560064e+10
55.973,112,112,53,7.83024128e+10,4.981560064e+10
56.174,112,112,53,7.8304509952e+10,4.981560064e+10
56.375,112,112,53,7.8161903616e+10,4.981560064e+10
56.575,112,112,53,7.8131494912e+10,4.981560064e+10
56.776,112,112,53,7.8028734464e+10,4.981560064e+10
56.977,112,112,53,7.7895565312e+10,4.981560064e+10
57.178,112,112,53,7.7895565312e+10,4.981560064e+10
57.379,112,112,53,7.7845233664e+10,4.981560064e+10
57.580,112,112,53,7.7777076224e+10,4.981560064e+10
57.781,112,112,53,7.7716258816e+10,4.981560064e+10
57.982,112,112,53,7.761035264e+10,4.981560064e+10
58.183,112,112,53,7.7562118144e+10,4.981560064e+10
58.384,112,112,53,7.7569458176e+10,4.981560064e+10
58.585,112,112,53,7.7469843456e+10,4.981560064e+10
58.787,112,112,53,7.7435240448e+10,4.981560064e+10
58.988,112,112,53,7.7340868608e+10,4.981560064e+10
59.189,112,112,53,7.719616512e+10,4.981560064e+10
59.391,112,112,53,7.71489792e+10,4.981560064e+10
59.592,112,112,53,7.7140590592e+10,4.981560064e+10
59.793,112,112,53,7.7092356096e+10,4.981560064e+10
59.995,112,112,53,7.7070336e+10,4.981560064e+10
60.196,112,112,53,7.6877398016e+10,4.981560064e+10
60.397,112,112,53,7.6873203712e+10,4.981560064e+10
60.598,112,112,53,7.6814483456e+10,4.981560064e+10
60.800,112,112,53,7.6639371264e+10,4.981560064e+10
61.001,112,112,53,7.6618399744e+10,4.981560064e+10
61.202,112,112,53,7.6515639296e+10,4.981560064e+10
61.403,112,112,53,7.6482084864e+10,4.981560064e+10
61.604,112,112,53,7.6412878848e+10,4.981560064e+10
61.805,112,112,53,7.639924736e+10,4.981560064e+10
62.006,112,112,53,7.6392955904e+10,4.981560064e+10
62.207,112,112,53,7.63625472e+10,4.981560064e+10
62.409,112,112,53,7.6175900672e+10,4.981560064e+10
62.611,112,112,53,7.6112986112e+10,4.981560064e+10
62.812,112,112,53,7.6076285952e+10,4.981560064e+10
63.013,112,112,53,7.6022808576e+10,4.981560064e+10
63.214,112,112,53,7.6014419968e+10,4.981560064e+10
63.416,112,112,53,7.5930533888e+10,4.981560064e+10
63.617,112,112,53,7.5800510464e+10,4.981560064e+10
63.818,112,112,53,7.5771150336e+10,4.981560064e+10
64.019,112,112,53,7.5719770112e+10,4.981560064e+10
64.220,112,112,53,7.5669438464e+10,4.981560064e+10
64.421,112,112,53,7.5646369792e+10,4.981560064e+10
64.622,112,112,53,7.5479646208e+10,4.981560064e+10
64.824,112,112,53,7.5448188928e+10,4.981560064e+10
65.025,112,112,53,7.5404148736e+10,4.981560064e+10
65.226,112,112,53,7.5394711552e+10,4.981560064e+10
65.428,112,112,53,7.53401856e+10,4.981560064e+10
65.629,112,112,53,7.5281465344e+10,4.981560064e+10
65.831,112,112,53,7.5190239232e+10,4.981560064e+10
66.033,112,112,53,7.5040292864e+10,4.981560064e+10
66.234,112,112,53,7.50256128e+10,4.981560064e+10
66.436,112,112,53,7.4981572608e+10,4.981560064e+10
66.637,112,112,53,7.4953261056e+10,4.981560064e+10
66.838,112,112,53,7.4830577664e+10,4.981560064e+10
67.039,112,112,53,7.4772905984e+10,4.981560064e+10
67.240,112,112,53,7.474249728e+10,4.981560064e+10
67.442,112,112,53,7.4609328128e+10,4.981560064e+10
67.643,112,112,53,7.4583113728e+10,4.981560064e+10
67.844,112,112,53,7.4555850752e+10,4.981560064e+10
68.045,112,112,53,7.449608192e+10,4.981560064e+10
68.246,112,112,53,7.4326212608e+10,4.981560064e+10
68.447,112,112,53,7.4305241088e+10,4.981560064e+10
68.648,112,112,53,7.430733824e+10,4.981560064e+10
68.849,112,112,53,7.4273783808e+10,4.981560064e+10
69.050,112,112,53,7.4195140608e+10,4.981560064e+10
69.251,112,112,53,7.40818944e+10,4.981560064e+10
69.452,112,112,53,7.3994862592e+10,4.981560064e+10
69.653,112,112,53,7.3955016704e+10,4.981560064e+10
69.854,112,112,53,7.3900490752e+10,4.981560064e+10
70.056,112,112,53,7.3847013376e+10,4.981560064e+10
70.257,112,112,53,7.3829187584e+10,4.981560064e+10
70.458,112,112,53,7.3719087104e+10,4.981560064e+10
70.660,112,112,53,7.3665609728e+10,4.981560064e+10
70.861,112,112,53,7.3650929664e+10,4.981560064e+10
71.062,112,112,53,7.3593257984e+10,4.981560064e+10
71.264,112,112,53,7.3476866048e+10,4.981560064e+10
71.465,112,112,53,7.3461137408e+10,4.981560064e+10
71.666,112,112,53,7.337934848e+10,4.981560064e+10
71.867,112,112,53,7.3341599744e+10,4.981560064e+10
72.068,112,112,53,7.32954624e+10,4.981560064e+10
72.270,112,112,53,7.3275539456e+10,4.981560064e+10
72.471,112,112,53,7.3198993408e+10,4.981560064e+10
72.672,112,112,53,7.3154953216e+10,4.981560064e+10
72.873,112,112,53,7.312769024e+10,4.981560064e+10
73.074,112,112,53,7.299137536e+10,4.981560064e+10
73.275,112,112,53,7.2947335168e+10,4.981560064e+10
73.477,112,112,53,7.2926363648e+10,4.981560064e+10
73.678,112,112,53,7.2820457472e+10,4.981560064e+10
73.879,112,112,53,7.2806825984e+10,4.981560064e+10
74.080,112,112,53,7.2722939904e+10,4.981560064e+10
74.281,112,112,53,7.2627519488e+10,4.981560064e+10
74.482,112,112,53,7.259291648e+10,4.981560064e+10
74.684,112,112,53,7.2516370432e+10,4.981560064e+10
74.885,112,112,53,7.2500641792e+10,4.981560064e+10
75.086,112,112,53,7.2410464256e+10,4.981560064e+10
75.287,112,112,53,7.2370618368e+10,4.981560064e+10
75.488,112,112,53,7.2295120896e+10,4.981560064e+10
75.690,112,112,53,7.2256323584e+10,4.981560064e+10
75.891,112,112,53,7.2174534656e+10,4.981560064e+10
76.093,112,112,53,7.2127348736e+10,4.981560064e+10
76.294,112,112,53,7.2101134336e+10,4.981560064e+10
76.495,112,112,53,7.2053948416e+10,4.981560064e+10
76.696,112,112,53,7.2048705536e+10,4.981560064e+10
76.897,112,112,53,7.2027734016e+10,4.981560064e+10
77.098,112,112,53,7.18798848e+10,4.981560064e+10
77.300,112,112,53,7.1831650304e+10,4.981560064e+10
77.501,112,112,53,7.175929856e+10,4.981560064e+10
77.702,112,112,53,7.1729938432e+10,4.981560064e+10
77.903,112,112,53,7.1671218176e+10,4.981560064e+10
78.105,112,112,53,7.164919808e+10,4.981560064e+10
78.306,112,112,53,7.1618789376e+10,4.981560064e+10
78.507,112,112,53,7.1534903296e+10,4.981560064e+10
78.709,112,112,53,7.1457308672e+10,4.981560064e+10
78.910,112,112,53,7.1451017216e+10,4.981560064e+10
79.111,112,112,53,7.1421657088e+10,4.981560064e+10
79.312,112,112,53,7.1372374016e+10,4.981560064e+10
79.514,112,112,53,7.131365376e+10,4.981560064e+10
79.715,112,112,53,7.1288487936e+10,4.981560064e+10
79.916,112,112,53,7.124025344e+10,4.981560064e+10
80.117,112,112,53,7.1174193152e+10,4.981560064e+10
80.319,112,112,53,7.1141687296e+10,4.981560064e+10
80.520,112,112,53,7.10672384e+10,4.981560064e+10
80.721,112,112,53,7.104626688e+10,4.981560064e+10
80.923,112,112,53,7.103053824e+10,4.981560064e+10
81.124,112,112,53,7.0935117824e+10,4.981560064e+10
81.325,112,112,53,7.0850183168e+10,4.981560064e+10
81.526,112,112,53,7.0848086016e+10,4.981560064e+10
81.727,112,112,53,7.0825017344e+10,4.981560064e+10
81.928,112,112,53,7.070547968e+10,4.981560064e+10
82.130,112,112,53,7.067926528e+10,4.981560064e+10
82.331,112,112,53,7.0641516544e+10,4.981560064e+10
82.532,112,112,53,7.0551339008e+10,4.981560064e+10
82.734,112,112,53,7.0531416064e+10,4.981560064e+10
82.935,112,112,53,7.045906432e+10,4.981560064e+10
83.136,112,112,53,7.040663552e+10,4.981560064e+10
83.337,112,112,53,7.0403489792e+10,4.981560064e+10
83.538,112,112,53,7.0372032512e+10,4.981560064e+10
83.739,112,112,53,7.0345818112e+10,4.981560064e+10
83.940,112,112,53,7.0325895168e+10,4.981560064e+10
84.142,112,112,53,7.031226368e+10,4.981560064e+10
84.343,112,112,53,7.0229426176e+10,4.981560064e+10
84.544,112,112,53,7.0182240256e+10,4.981560064e+10
84.745,112,112,53,7.0151831552e+10,4.981560064e+10
84.946,112,112,53,7.0066896896e+10,4.981560064e+10
85.147,112,112,53,7.0038585344e+10,4.981560064e+10
85.348,112,112,53,6.9985107968e+10,4.981560064e+10
85.549,112,112,53,6.99662336e+10,4.981560064e+10
85.749,112,112,53,6.9927436288e+10,4.981560064e+10
85.950,112,112,53,6.9881298944e+10,4.981560064e+10
86.151,112,112,53,6.9833064448e+10,4.981560064e+10
86.352,112,112,53,6.975127552e+10,4.981560064e+10
86.553,112,112,53,6.9711429632e+10,4.981560064e+10
86.754,112,112,53,6.9660049408e+10,4.981560064e+10
86.955,112,112,53,6.9669486592e+10,4.981560064e+10
87.156,112,112,53,6.962020352e+10,4.981560064e+10
87.357,112,112,53,6.955728896e+10,4.981560064e+10
87.559,112,112,53,6.9523734528e+10,4.981560064e+10
87.760,112,112,53,6.9498568704e+10,4.981560064e+10
87.961,112,112,53,6.9383225344e+10,4.981560064e+10
88.162,112,112,53,6.9351768064e+10,4.981560064e+10
88.363,112,112,53,6.933184512e+10,4.981560064e+10
88.564,112,112,53,6.9262639104e+10,4.981560064e+10
88.765,112,112,53,6.9251104768e+10,4.981560064e+10
88.967,112,112,53,6.922174464e+10,4.981560064e+10
89.168,112,112,53,6.9212307456e+10,4.981560064e+10
89.369,112,112,53,6.9099061248e+10,4.981560064e+10
89.571,112,112,53,6.9009932288e+10,4.981560064e+10
89.772,112,112,53,6.900154368e+10,4.981560064e+10
89.973,112,112,53,6.9015175168e+10,4.981560064e+10
90.174,112,112,53,6.8982669312e+10,4.981560064e+10
90.375,112,112,53,6.882852864e+10,4.981560064e+10
90.577,112,112,53,6.8787634176e+10,4.981560064e+10
90.778,112,112,53,6.872367104e+10,4.981560064e+10
90.979,112,112,53,6.8726816768e+10,4.981560064e+10
91.180,112,112,53,6.8712136704e+10,4.981560064e+10
91.381,112,112,53,6.8616716288e+10,4.981560064e+10
91.582,112,112,53,6.858735616e+10,4.981560064e+10
91.784,112,112,53,6.8404903936e+10,4.981560064e+10
91.985,112,112,53,6.838812672e+10,4.981560064e+10
92.187,112,112,53,6.8396515328e+10,4.981560064e+10
92.388,112,112,53,6.8394418176e+10,4.981560064e+10
92.589,112,112,53,6.8359815168e+10,4.981560064e+10
92.791,112,112,53,6.8317872128e+10,4.981560064e+10
92.992,112,112,53,6.8280123392e+10,4.981560064e+10
93.193,112,112,53,6.8151148544e+10,4.981560064e+10
93.394,112,112,53,6.8122836992e+10,4.981560064e+10
93.596,112,112,53,6.8055728128e+10,4.981560064e+10
93.797,112,112,53,6.8050485248e+10,4.981560064e+10
93.999,112,112,53,6.8032659456e+10,4.981560064e+10
94.200,112,112,53,6.7985473536e+10,4.981560064e+10
94.401,112,112,53,6.7986522112e+10,4.981560064e+10
94.602,112,112,53,6.791626752e+10,4.981560064e+10
94.804,112,112,53,6.778519552e+10,4.981560064e+10
95.005,112,112,53,6.7761078272e+10,4.981560064e+10
95.206,112,112,53,6.7760029696e+10,4.981560064e+10
95.408,112,112,53,6.7715989504e+10,4.981560064e+10
95.609,112,112,53,6.7688726528e+10,4.981560064e+10
95.811,112,112,53,6.76593664e+10,4.981560064e+10
96.012,112,112,53,6.7514662912e+10,4.981560064e+10
96.213,112,112,53,6.7509420032e+10,4.981560064e+10
96.414,112,112,53,6.7477962752e+10,4.981560064e+10
96.616,112,112,53,6.745489408e+10,4.981560064e+10
96.817,112,112,53,6.7410853888e+10,4.981560064e+10
97.018,112,112,53,6.7375202304e+10,4.981560064e+10
97.219,112,112,53,6.736052224e+10,4.981560064e+10
97.420,112,112,53,6.730809344e+10,4.981560064e+10
97.622,112,112,53,6.726090752e+10,4.981560064e+10
97.823,112,112,53,6.7242033152e+10,4.981560064e+10
98.024,112,112,53,6.71612928e+10,4.981560064e+10
98.226,112,112,53,6.711934976e+10,4.981560064e+10
98.427,112,112,53,6.711410688e+10,4.981560064e+10
98.628,112,112,53,6.709313536e+10,4.981560064e+10
98.830,112,112,53,6.704594944e+10,4.981560064e+10
99.031,112,112,53,6.6996666368e+10,4.981560064e+10
99.232,112,112,53,6.69253632e+10,4.981560064e+10
99.433,112,112,53,6.6898100224e+10,4.981560064e+10
99.634,112,112,53,6.688866304e+10,4.981560064e+10
99.836,112,112,53,6.6849865728e+10,4.981560064e+10
100.037,112,112,53,6.683099136e+10,4.981560064e+10
100.238,112,112,53,6.6827845632e+10,4.981560064e+10
100.439,112,112,53,6.6774368256e+10,4.981560064e+10
100.641,112,112,53,6.6690482176e+10,4.981560064e+10
100.842,112,112,53,6.660554752e+10,4.981560064e+10
101.043,112,112,53,6.6585624576e+10,4.981560064e+10
101.245,112,112,53,6.659506176e+10,4.981560064e+10
101.446,112,112,53,6.6588770304e+10,4.981560064e+10
101.647,112,112,53,6.6534244352e+10,4.981560064e+10
101.849,112,112,53,6.6423095296e+10,4.981560064e+10
102.050,112,112,53,6.64010752e+10,4.981560064e+10
102.251,112,112,53,6.6304606208e+10,4.981560064e+10
102.453,112,112,53,6.6320334848e+10,4.981560064e+10
102.654,112,112,53,6.6308800512e+10,4.981560064e+10
102.855,112,112,53,6.627524608e+10,4.981560064e+10
103.056,112,112,53,6.6211282944e+10,4.981560064e+10
103.258,112,112,53,6.6122153984e+10,4.981560064e+10
103.459,112,112,53,6.603931648e+10,4.981560064e+10
103.660,112,112,53,6.6043510784e+10,4.981560064e+10
103.861,112,112,53,6.6030927872e+10,4.981560064e+10
104.063,112,112,53,6.605504512e+10,4.981560064e+10
104.264,112,112,53,6.6004713472e+10,4.981560064e+10
104.465,112,112,53,6.6001567744e+10,4.981560064e+10
104.666,112,112,53,6.5788706816e+10,4.981560064e+10
104.867,112,112,53,6.5800241152e+10,4.981560064e+10
105.069,112,112,53,6.5814921216e+10,4.981560064e+10
105.270,112,112,53,6.5764589568e+10,4.981560064e+10
105.471,112,112,53,6.573522944e+10,4.981560064e+10
105.672,112,112,53,6.573522944e+10,4.981560064e+10
105.873,112,112,53,6.5689092096e+10,4.981560064e+10
106.074,112,112,53,6.567231488e+10,4.981560064e+10
106.275,112,112,53,6.5532854272e+10,4.981560064e+10
106.477,112,112,53,6.5508737024e+10,4.981560064e+10
106.678,112,112,53,6.5536e+10,4.981560064e+10
106.879,112,112,53,6.5543340032e+10,4.981560064e+10
107.080,112,112,53,6.5447919616e+10,4.981560064e+10
107.281,112,112,53,6.5404928e+10,4.981560064e+10
107.482,112,112,53,6.537347072e+10,4.981560064e+10
107.683,112,112,53,6.5244495872e+10,4.981560064e+10
107.885,112,112,53,6.5248690176e+10,4.981560064e+10
108.086,112,112,53,6.52476416e+10,4.981560064e+10
108.287,112,112,53,6.5194164224e+10,4.981560064e+10
108.488,112,112,53,6.5193115648e+10,4.981560064e+10
108.689,112,112,53,6.5170046976e+10,4.981560064e+10
108.890,112,112,53,6.510084096e+10,4.981560064e+10
109.091,112,112,53,6.5051557888e+10,4.981560064e+10
109.293,112,112,53,6.5033732096e+10,4.981560064e+10
109.494,112,112,53,6.4997031936e+10,4.981560064e+10
109.695,112,112,53,6.4992837632e+10,4.981560064e+10
109.896,112,112,53,6.4910000128e+10,4.981560064e+10
110.097,112,112,53,6.4913145856e+10,4.981560064e+10
110.298,112,112,53,6.49068544e+10,4.981560064e+10
110.499,112,112,53,6.481772544e+10,4.981560064e+10
110.700,112,112,53,6.4814579712e+10,4.981560064e+10
110.902,112,112,53,6.4748519424e+10,4.981560064e+10
111.103,112,112,53,6.4709722112e+10,4.981560064e+10
111.304,112,112,53,6.4643661824e+10,4.981560064e+10
111.505,112,112,53,6.4671973376e+10,4.981560064e+10
111.706,112,112,53,6.4654147584e+10,4.981560064e+10
111.908,112,112,53,6.4605913088e+10,4.981560064e+10
112.109,112,112,53,6.4554532864e+10,4.981560064e+10
112.310,112,112,53,6.4496861184e+10,4.981560064e+10
112.512,112,112,53,6.4469598208e+10,4.981560064e+10
112.713,112,112,53,6.4428703744e+10,4.981560064e+10
112.915,112,112,53,6.4404586496e+10,4.981560064e+10
113.116,112,112,53,6.4384663552e+10,4.981560064e+10
113.318,112,112,53,6.4356352e+10,4.981560064e+10
113.519,112,112,53,6.4359497728e+10,4.981560064e+10
113.720,112,112,53,6.428819456e+10,4.981560064e+10
113.921,112,112,53,6.4207454208e+10,4.981560064e+10
114.122,112,112,53,6.4224231424e+10,4.981560064e+10
114.323,112,112,53,6.4190676992e+10,4.981560064e+10
114.524,112,112,53,6.4168656896e+10,4.981560064e+10
114.726,112,112,53,6.413090816e+10,4.981560064e+10
114.927,112,112,53,6.4106790912e+10,4.981560064e+10
115.128,112,112,53,6.3997739008e+10,4.981560064e+10
115.330,112,112,53,6.39893504e+10,4.981560064e+10
115.531,112,112,53,6.3928532992e+10,4.981560064e+10
115.732,112,112,53,6.3860375552e+10,4.981560064e+10
115.933,112,112,53,6.38582784e+10,4.981560064e+10
116.134,112,112,53,6.3823675392e+10,4.981560064e+10
116.336,112,112,53,6.3801655296e+10,4.981560064e+10
116.537,112,112,53,6.3747129344e+10,4.981560064e+10
116.738,112,112,53,6.3709380608e+10,4.981560064e+10
116.939,112,112,53,6.3651708928e+10,4.981560064e+10
117.140,112,112,53,6.3649611776e+10,4.981560064e+10
117.342,112,112,53,6.3603474432e+10,4.981560064e+10
117.543,112,112,53,6.3536365568e+10,4.981560064e+10
117.745,112,112,53,6.3524831232e+10,4.981560064e+10
117.946,112,112,53,6.348603392e+10,4.981560064e+10
118.147,112,112,53,6.344933376e+10,4.981560064e+10
118.349,112,112,53,6.338117632e+10,4.981560064e+10
118.550,112,112,53,6.3385370624e+10,4.981560064e+10
118.752,112,112,53,6.332350464e+10,4.981560064e+10
118.953,112,112,53,6.3251152896e+10,4.981560064e+10
119.154,112,112,53,6.324486144e+10,4.981560064e+10
119.355,112,112,53,6.3240667136e+10,4.981560064e+10
119.556,112,112,53,6.3167266816e+10,4.981560064e+10
119.757,112,112,53,6.3148392448e+10,4.981560064e+10
119.958,112,112,53,6.3115886592e+10,4.981560064e+10
120.160,112,112,53,6.3080235008e+10,4.981560064e+10
120.361,112,112,53,6.3051923456e+10,4.981560064e+10
120.562,112,112,53,6.2999494656e+10,4.981560064e+10
120.763,112,112,53,6.3009980416e+10,4.981560064e+10
120.964,112,112,53,6.2944968704e+10,4.981560064e+10
121.165,112,112,53,6.2860034048e+10,4.981560064e+10
121.366,112,112,53,6.2863179776e+10,4.981560064e+10
121.568,112,112,53,6.285688832e+10,4.981560064e+10
121.769,112,112,53,6.2826479616e+10,4.981560064e+10
121.970,112,112,53,6.2745739264e+10,4.981560064e+10
122.171,112,112,53,6.2700650496e+10,4.981560064e+10
122.372,112,112,53,6.2697504768e+10,4.981560064e+10
122.573,112,112,53,6.2602084352e+10,4.981560064e+10
122.774,112,112,53,6.259474432e+10,4.981560064e+10
122.976,112,112,53,6.2562238464e+10,4.981560064e+10
123.177,112,112,53,6.2521344e+10,4.981560064e+10
123.379,112,112,53,6.2488838144e+10,4.981560064e+10
123.580,112,112,53,6.246367232e+10,4.981560064e+10
123.781,112,112,53,6.2413340672e+10,4.981560064e+10
123.982,112,112,53,6.2357766144e+10,4.981560064e+10
124.183,112,112,53,6.2286462976e+10,4.981560064e+10
124.385,112,112,53,6.2275977216e+10,4.981560064e+10
124.586,112,112,53,6.2210965504e+10,4.981560064e+10
124.788,112,112,53,6.2203625472e+10,4.981560064e+10
124.989,112,112,53,6.2141759488e+10,4.981560064e+10
125.190,112,112,53,6.2093524992e+10,4.981560064e+10
125.391,112,112,53,6.2040047616e+10,4.981560064e+10
125.593,112,112,53,6.2020124672e+10,4.981560064e+10
125.794,112,112,53,6.2008590336e+10,4.981560064e+10
125.995,112,112,53,6.199181312e+10,4.981560064e+10
126.196,112,112,53,6.196035584e+10,4.981560064e+10
126.397,112,112,53,6.1921558528e+10,4.981560064e+10
126.599,112,112,53,6.1867032576e+10,4.981560064e+10
126.800,112,112,53,6.1837672448e+10,4.981560064e+10
127.001,112,112,53,6.183452672e+10,4.981560064e+10
127.203,112,112,53,6.1786292224e+10,4.981560064e+10
127.404,112,112,53,6.17611264e+10,4.981560064e+10
127.606,112,112,53,6.1778952192e+10,4.981560064e+10
127.807,112,112,53,6.1709746176e+10,4.981560064e+10
128.008,112,112,53,6.1663608832e+10,4.981560064e+10
128.209,112,112,53,6.1601742848e+10,4.981560064e+10
128.410,112,112,53,6.1600694272e+10,4.981560064e+10
128.611,112,112,53,6.1583917056e+10,4.981560064e+10
128.812,112,112,53,6.1579722752e+10,4.981560064e+10
129.014,112,112,53,6.153043968e+10,4.981560064e+10
129.215,112,112,53,6.148325376e+10,4.981560064e+10
129.417,112,112,53,6.1402513408e+10,4.981560064e+10
129.618,112,112,53,6.1361618944e+10,4.981560064e+10
129.820,112,112,53,6.1360570368e+10,4.981560064e+10
130.021,112,112,53,6.1390979072e+10,4.981560064e+10
130.222,112,112,53,6.1366861824e+10,4.981560064e+10
130.424,112,112,53,6.1318627328e+10,4.981560064e+10
130.625,112,112,53,6.1256761344e+10,4.981560064e+10
130.826,112,112,53,6.1143515136e+10,4.981560064e+10
131.027,112,112,53,6.1156098048e+10,4.981560064e+10
131.228,112,112,53,6.1128835072e+10,4.981560064e+10
131.429,112,112,53,6.1138272256e+10,4.981560064e+10
131.630,112,112,53,6.1099474944e+10,4.981560064e+10
131.832,112,112,53,6.104285184e+10,4.981560064e+10
132.033,112,112,53,6.0954771456e+10,4.981560064e+10
132.235,112,112,53,6.0957917184e+10,4.981560064e+10
132.436,112,112,53,6.0942188544e+10,4.981560064e+10
132.637,112,112,53,6.091702272e+10,4.981560064e+10
132.838,112,112,53,6.0923314176e+10,4.981560064e+10
133.040,112,112,53,6.083837952e+10,4.981560064e+10
133.241,112,112,53,6.07911936e+10,4.981560064e+10
133.442,112,112,53,6.0762882048e+10,4.981560064e+10
133.643,112,112,53,6.0680044544e+10,4.981560064e+10
133.844,112,112,53,6.0688433152e+10,4.981560064e+10
134.045,112,112,53,6.072303616e+10,4.981560064e+10
134.246,112,112,53,6.0682141696e+10,4.981560064e+10
134.447,112,112,53,6.0599304192e+10,4.981560064e+10
134.648,112,112,53,6.0533243904e+10,4.981560064e+10
134.849,112,112,53,6.048710656e+10,4.981560064e+10
135.051,112,112,53,6.0491300864e+10,4.981560064e+10
135.252,112,112,53,6.0437823488e+10,4.981560064e+10
135.453,112,112,53,6.0430483456e+10,4.981560064e+10
135.654,112,112,53,6.0325625856e+10,4.981560064e+10
135.855,112,112,53,6.0311994368e+10,4.981560064e+10
136.056,112,112,53,6.0273197056e+10,4.981560064e+10
136.257,112,112,53,6.022496256e+10,4.981560064e+10
136.459,112,112,53,6.0215525376e+10,4.981560064e+10
136.660,112,112,53,6.0197699584e+10,4.981560064e+10
136.861,112,112,53,6.018301952e+10,4.981560064e+10
137.062,112,112,53,6.0123250688e+10,4.981560064e+10
137.263,112,112,53,6.00571904e+10,4.981560064e+10
137.464,112,112,53,6.0050898944e+10,4.981560064e+10
137.666,112,112,53,5.9985887232e+10,4.981560064e+10
137.867,112,112,53,5.9972255744e+10,4.981560064e+10
138.068,112,112,53,5.9940798464e+10,4.981560064e+10
138.269,112,112,53,5.987893248e+10,4.981560064e+10
138.471,112,112,53,5.9862155264e+10,4.981560064e+10
138.672,112,112,53,5.9838038016e+10,4.981560064e+10
138.873,112,112,53,5.981601792e+10,4.981560064e+10
139.074,112,112,53,5.9791900672e+10,4.981560064e+10
139.275,112,112,53,5.9755200512e+10,4.981560064e+10
139.476,112,112,53,5.9682848768e+10,4.981560064e+10
139.677,112,112,53,5.9654537216e+10,4.981560064e+10
139.878,112,112,53,5.9624128512e+10,4.981560064e+10
140.079,112,112,53,5.9560165376e+10,4.981560064e+10
140.280,112,112,53,5.952241664e+10,4.981560064e+10
140.481,112,112,53,5.9520319488e+10,4.981560064e+10
140.682,112,112,53,5.9444822016e+10,4.981560064e+10
140.883,112,112,53,5.9398684672e+10,4.981560064e+10
141.084,112,112,53,5.9392393216e+10,4.981560064e+10
141.285,112,112,53,5.9368275968e+10,4.981560064e+10
141.486,112,112,53,5.9310604288e+10,4.981560064e+10
141.687,112,112,53,5.9301167104e+10,4.981560064e+10
141.888,112,112,53,5.9252932608e+10,4.981560064e+10
142.089,112,112,53,5.9244544e+10,4.981560064e+10
142.290,112,112,53,5.9198406656e+10,4.981560064e+10
142.491,112,112,53,5.9158560768e+10,4.981560064e+10
142.692,112,112,53,5.9109277696e+10,4.981560064e+10
142.894,112,112,53,5.9051606016e+10,4.981560064e+10
143.095,112,112,53,5.9052654592e+10,4.981560064e+10
143.297,112,112,53,5.9012808704e+10,4.981560064e+10
143.499,112,112,53,5.8970865664e+10,4.981560064e+10
143.700,112,112,53,5.8913193984e+10,4.981560064e+10
143.901,112,112,53,5.8873348096e+10,4.981560064e+10
144.102,112,112,53,5.8874396672e+10,4.981560064e+10
144.303,112,112,53,5.8832453632e+10,4.981560064e+10
144.505,112,112,53,5.878841344e+10,4.981560064e+10
144.706,112,112,53,5.8803093504e+10,4.981560064e+10
144.908,112,112,53,5.8748567552e+10,4.981560064e+10
145.109,112,112,53,5.8666778624e+10,4.981560064e+10
145.310,112,112,53,5.8676215808e+10,4.981560064e+10
145.511,112,112,53,5.8690895872e+10,4.981560064e+10
145.713,112,112,53,5.863636992e+10,4.981560064e+10
145.914,112,112,53,5.855772672e+10,4.981560064e+10
146.115,112,112,53,5.8508443648e+10,4.981560064e+10
146.316,112,112,53,5.8523123712e+10,4.981560064e+10
146.517,112,112,53,5.8511589376e+10,4.981560064e+10
146.718,112,112,53,5.8430849024e+10,4.981560064e+10
146.919,112,112,53,5.8403586048e+10,4.981560064e+10
147.120,112,112,53,5.8356400128e+10,4.981560064e+10
147.321,112,112,53,5.8287194112e+10,4.981560064e+10
147.523,112,112,53,5.8299777024e+10,4.981560064e+10
147.724,112,112,53,5.8292436992e+10,4.981560064e+10
147.925,112,112,53,5.824315392e+10,4.981560064e+10
148.126,112,112,53,5.82221824e+10,4.981560064e+10
148.327,112,112,53,5.81435392e+10,4.981560064e+10
148.528,112,112,53,5.810159616e+10,4.981560064e+10
148.729,112,112,53,5.809635328e+10,4.981560064e+10
148.930,112,112,53,5.8092158976e+10,4.981560064e+10
149.131,112,112,53,5.8041827328e+10,4.981560064e+10
149.332,112,112,53,5.7968427008e+10,4.981560064e+10
149.533,112,112,53,5.790236672e+10,4.981560064e+10
149.734,112,112,53,5.7933824e+10,4.981560064e+10
149.935,112,112,53,5.7926483968e+10,4.981560064e+10
150.136,112,112,53,5.7892929536e+10,4.981560064e+10
150.337,112,112,53,5.7815334912e+10,4.981560064e+10
150.538,112,112,53,5.7758711808e+10,4.981560064e+10
150.739,112,112,53,5.7762906112e+10,4.981560064e+10
150.939,112,112,53,5.7705234432e+10,4.981560064e+10
151.140,112,112,53,5.7704185856e+10,4.981560064e+10
151.342,112,112,53,5.7651757056e+10,4.981560064e+10
151.543,112,112,53,5.760352256e+10,4.981560064e+10
151.745,112,112,53,5.7573113856e+10,4.981560064e+10
151.946,112,112,53,5.7552142336e+10,4.981560064e+10
152.147,112,112,53,5.7479790592e+10,4.981560064e+10
152.348,112,112,53,5.747769344e+10,4.981560064e+10
152.549,112,112,53,5.7457770496e+10,4.981560064e+10
152.750,112,112,53,5.74357504e+10,4.981560064e+10
152.952,112,112,53,5.737807872e+10,4.981560064e+10
153.153,112,112,53,5.7340329984e+10,4.981560064e+10
153.354,112,112,53,5.7301532672e+10,4.981560064e+10
153.555,112,112,53,5.7253298176e+10,4.981560064e+10
153.756,112,112,53,5.7229180928e+10,4.981560064e+10
153.957,112,112,53,5.7175703552e+10,4.981560064e+10
154.158,112,112,53,5.7164169216e+10,4.981560064e+10
154.359,112,112,53,5.7159974912e+10,4.981560064e+10
154.560,112,112,53,5.7114886144e+10,4.981560064e+10
154.761,112,112,53,5.7027854336e+10,4.981560064e+10
154.962,112,112,53,5.7039388672e+10,4.981560064e+10
155.164,112,112,53,5.6947113984e+10,4.981560064e+10
155.365,112,112,53,5.6946065408e+10,4.981560064e+10
155.566,112,112,53,5.6907268096e+10,4.981560064e+10
155.767,112,112,53,5.6878956544e+10,4.981560064e+10
155.968,112,112,53,5.6852742144e+10,4.981560064e+10
156.169,112,112,53,5.6802410496e+10,4.981560064e+10
156.370,112,112,53,5.6765710336e+10,4.981560064e+10
156.571,112,112,53,5.6718524416e+10,4.981560064e+10
156.772,112,112,53,5.6689164288e+10,4.981560064e+10
156.973,112,112,53,5.6648269824e+10,4.981560064e+10
157.174,112,112,53,5.6641978368e+10,4.981560064e+10
157.376,112,112,53,5.6606326784e+10,4.981560064e+10
157.577,112,112,53,5.6578015232e+10,4.981560064e+10
157.778,112,112,53,5.6511954944e+10,4.981560064e+10
157.979,112,112,53,5.6517197824e+10,4.981560064e+10
158.180,112,112,53,5.6478400512e+10,4.981560064e+10
158.382,112,112,53,5.6441700352e+10,4.981560064e+10
158.583,112,112,53,5.6412340224e+10,4.981560064e+10
158.784,112,112,53,5.6301191168e+10,4.981560064e+10
158.985,112,112,53,5.6326356992e+10,4.981560064e+10
159.187,112,112,53,5.6279171072e+10,4.981560064e+10
159.388,112,112,53,5.6260296704e+10,4.981560064e+10
159.589,112,112,53,5.6174313472e+10,4.981560064e+10
159.790,112,112,53,5.6162779136e+10,4.981560064e+10
159.991,112,112,53,5.61512448e+10,4.981560064e+10
160.192,112,112,53,5.6115593216e+10,4.981560064e+10
160.393,112,112,53,5.6128176128e+10,4.981560064e+10
160.594,112,112,53,5.6070504448e+10,4.981560064e+10
160.796,112,112,53,5.6033804288e+10,4.981560064e+10
160.997,112,112,53,5.60201728e+10,4.981560064e+10
161.198,112,112,53,5.5987666944e+10,4.981560064e+10
161.399,112,112,53,5.593628672e+10,4.981560064e+10
161.600,112,112,53,5.58891008e+10,4.981560064e+10
161.801,112,112,53,5.5906926592e+10,4.981560064e+10
162.002,112,112,53,5.585764352e+10,4.981560064e+10
162.204,112,112,53,5.5816749056e+10,4.981560064e+10
162.405,112,112,53,5.574754304e+10,4.981560064e+10
162.606,112,112,53,5.5699308544e+10,4.981560064e+10
162.807,112,112,53,5.5676239872e+10,4.981560064e+10
163.008,112,112,53,5.5624859648e+10,4.981560064e+10
163.209,112,112,53,5.565841408e+10,4.981560064e+10
163.411,112,112,53,5.5499030528e+10,4.981560064e+10
163.612,112,112,53,5.5494836224e+10,4.981560064e+10
163.813,112,112,53,5.5461281792e+10,4.981560064e+10
164.014,112,112,53,5.5487496192e+10,4.981560064e+10
164.215,112,112,53,5.5445553152e+10,4.981560064e+10
164.417,112,112,53,5.5346987008e+10,4.981560064e+10
164.618,112,112,53,5.5339646976e+10,4.981560064e+10
164.819,112,112,53,5.5310286848e+10,4.981560064e+10
165.020,112,112,53,5.530189824e+10,4.981560064e+10
165.221,112,112,53,5.5264149504e+10,4.981560064e+10
165.423,112,112,53,5.5200186368e+10,4.981560064e+10
165.624,112,112,53,5.5159291904e+10,4.981560064e+10
165.825,112,112,53,5.516558336e+10,4.981560064e+10
166.026,112,112,53,5.5145660416e+10,4.981560064e+10
166.228,112,112,53,5.5101620224e+10,4.981560064e+10
166.429,112,112,53,5.5054434304e+10,4.981560064e+10
166.630,112,112,53,5.5027171328e+10,4.981560064e+10
166.831,112,112,53,5.500829696e+10,4.981560064e+10
167.032,112,112,53,5.4947479552e+10,4.981560064e+10
167.234,112,112,53,5.4917070848e+10,4.981560064e+10
167.435,112,112,53,5.4865690624e+10,4.981560064e+10
167.637,112,112,53,5.48405248e+10,4.981560064e+10
167.838,112,112,53,5.4831087616e+10,4.981560064e+10
168.039,112,112,53,5.478285312e+10,4.981560064e+10
168.241,112,112,53,5.4759784448e+10,4.981560064e+10
168.442,112,112,53,5.4647586816e+10,4.981560064e+10
168.643,112,112,53,5.4624518144e+10,4.981560064e+10
168.844,112,112,53,5.4611935232e+10,4.981560064e+10
169.045,112,112,53,5.4601449472e+10,4.981560064e+10
169.247,112,112,53,5.4555312128e+10,4.981560064e+10
169.448,112,112,53,5.4514417664e+10,4.981560064e+10
169.649,112,112,53,5.4416900096e+10,4.981560064e+10
169.850,112,112,53,5.443682304e+10,4.981560064e+10
170.051,112,112,53,5.44473088e+10,4.981560064e+10
170.253,112,112,53,5.4418997248e+10,4.981560064e+10
170.454,112,112,53,5.4392782848e+10,4.981560064e+10
170.655,112,112,53,5.429526528e+10,4.981560064e+10
170.856,112,112,53,5.426905088e+10,4.981560064e+10
171.057,112,112,53,5.4243885056e+10,4.981560064e+10
171.258,112,112,53,5.4245982208e+10,4.981560064e+10
171.459,112,112,53,5.4144270336e+10,4.981560064e+10
171.661,112,112,53,5.4126444544e+10,4.981560064e+10
171.862,112,112,53,5.4134833152e+10,4.981560064e+10
172.063,112,112,53,5.4089744384e+10,4.981560064e+10
172.264,112,112,53,5.399117824e+10,4.981560064e+10
172.465,112,112,53,5.39492352e+10,4.981560064e+10
172.667,112,112,53,5.39754496e+10,4.981560064e+10
172.868,112,112,53,5.3973352448e+10,4.981560064e+10
173.070,112,112,53,5.389156352e+10,4.981560064e+10
173.271,112,112,53,5.3882126336e+10,4.981560064e+10
173.472,112,112,53,5.3847523328e+10,4.981560064e+10
173.673,112,112,53,5.3805580288e+10,4.981560064e+10
173.874,112,112,53,5.38181632e+10,4.981560064e+10
174.076,112,112,53,5.37919488e+10,4.981560064e+10
174.277,112,112,53,5.3686042624e+10,4.981560064e+10
174.478,112,112,53,5.3657731072e+10,4.981560064e+10
174.679,112,112,53,5.3616836608e+10,4.981560064e+10
174.880,112,112,53,5.3653536768e+10,4.981560064e+10
175.082,112,112,53,5.3617885184e+10,4.981560064e+10
175.283,112,112,53,5.3564407808e+10,4.981560064e+10
175.484,112,112,53,5.3485764608e+10,4.981560064e+10
175.685,112,112,53,5.35035904e+10,4.981560064e+10
175.887,112,112,53,5.351407616e+10,4.981560064e+10
176.088,112,112,53,5.3465841664e+10,4.981560064e+10
176.289,112,112,53,5.3366226944e+10,4.981560064e+10
176.491,112,112,53,5.3311700992e+10,4.981560064e+10
176.692,112,112,53,5.3358886912e+10,4.981560064e+10
176.893,112,112,53,5.3343158272e+10,4.981560064e+10
177.094,112,112,53,5.3303312384e+10,4.981560064e+10
177.295,112,112,53,5.3216280576e+10,4.981560064e+10
177.496,112,112,53,5.323620352e+10,4.981560064e+10
177.698,112,112,53,5.3208940544e+10,4.981560064e+10
177.899,112,112,53,5.3146025984e+10,4.981560064e+10
178.100,112,112,53,5.310513152e+10,4.981560064e+10
178.301,112,112,53,5.3071577088e+10,4.981560064e+10
178.503,112,112,53,5.3041168384e+10,4.981560064e+10
178.704,112,112,53,5.3019148288e+10,4.981560064e+10
178.905,112,112,53,5.2988739584e+10,4.981560064e+10
179.106,112,112,53,5.2952039424e+10,4.981560064e+10
179.307,112,112,53,5.2917436416e+10,4.981560064e+10
179.508,112,112,53,5.2919533568e+10,4.981560064e+10
179.710,112,112,53,5.2865007616e+10,4.981560064e+10
179.911,112,112,53,5.2871299072e+10,4.981560064e+10
180.112,112,112,53,5.2777975808e+10,4.981560064e+10
180.313,112,112,53,5.2758052864e+10,4.981560064e+10
180.514,112,112,53,5.273288704e+10,4.981560064e+10
180.716,112,112,53,5.2723449856e+10,4.981560064e+10
180.917,112,112,53,5.2635369472e+10,4.981560064e+10
181.118,112,112,53,5.2604960768e+10,4.981560064e+10
181.319,112,112,53,5.260181504e+10,4.981560064e+10
181.520,112,112,53,5.2579794944e+10,4.981560064e+10
181.722,112,112,53,5.2524220416e+10,4.981560064e+10
181.923,112,112,53,5.2504297472e+10,4.981560064e+10
182.124,112,112,53,5.244977152e+10,4.981560064e+10
182.325,112,112,53,5.2420411392e+10,4.981560064e+10
182.527,112,112,53,5.2373225472e+10,4.981560064e+10
182.729,112,112,53,5.2391051264e+10,4.981560064e+10
182.930,112,112,53,5.2349108224e+10,4.981560064e+10
183.131,112,112,53,5.231345664e+10,4.981560064e+10
183.332,112,112,53,5.2262076416e+10,4.981560064e+10
183.534,112,112,53,5.2243202048e+10,4.981560064e+10
183.735,112,112,53,5.2226424832e+10,4.981560064e+10
183.936,112,112,53,5.219811328e+10,4.981560064e+10
184.138,112,112,53,5.2148830208e+10,4.981560064e+10
184.339,112,112,53,5.210898432e+10,4.981560064e+10
184.540,112,112,53,5.2090109952e+10,4.981560064e+10
184.742,112,112,53,5.207228416e+10,4.981560064e+10
184.943,112,112,53,5.2071235584e+10,4.981560064e+10
185.145,112,112,53,5.1973718016e+10,4.981560064e+10
185.346,112,112,53,5.193596928e+10,4.981560064e+10
185.547,112,112,53,5.1932823552e+10,4.981560064e+10
185.748,112,112,53,5.1918143488e+10,4.981560064e+10
185.949,112,112,53,5.1827965952e+10,4.981560064e+10
186.151,112,112,53,5.1806994432e+10,4.981560064e+10
186.352,112,112,53,5.1784974336e+10,4.981560064e+10
186.553,112,112,53,5.1781828608e+10,4.981560064e+10
186.754,112,112,53,5.1702136832e+10,4.981560064e+10
186.955,112,112,53,5.1675922432e+10,4.981560064e+10
187.156,112,112,53,5.1649708032e+10,4.981560064e+10
187.358,112,112,53,5.1622445056e+10,4.981560064e+10
187.559,112,112,53,5.1607764992e+10,4.981560064e+10
187.760,112,112,53,5.161091072e+10,4.981560064e+10
187.961,112,112,53,5.1546947584e+10,4.981560064e+10
188.162,112,112,53,5.149556736e+10,4.981560064e+10
188.364,112,112,53,5.1447332864e+10,4.981560064e+10
188.565,112,112,53,5.1470401536e+10,4.981560064e+10
188.766,112,112,53,5.1463061504e+10,4.981560064e+10
188.967,112,112,53,5.1413778432e+10,4.981560064e+10
189.168,112,112,53,5.1288997888e+10,4.981560064e+10
189.369,112,112,53,5.1292143616e+10,4.981560064e+10
189.571,112,112,53,5.129109504e+10,4.981560064e+10
189.772,112,112,53,5.1223986176e+10,4.981560064e+10
189.973,112,112,53,5.120196608e+10,4.981560064e+10
190.175,112,112,53,5.1177848832e+10,4.981560064e+10
190.376,112,112,53,5.1106545664e+10,4.981560064e+10
190.578,112,112,53,5.1058311168e+10,4.981560064e+10
190.779,112,112,53,5.104992256e+10,4.981560064e+10
190.980,112,112,53,5.1041533952e+10,4.981560064e+10
191.181,112,112,53,5.1037339648e+10,4.981560064e+10
191.383,112,112,53,5.095030784e+10,4.981560064e+10
191.584,112,112,53,5.0886344704e+10,4.981560064e+10
191.785,112,112,53,5.0854887424e+10,4.981560064e+10
191.987,112,112,53,5.0786729984e+10,4.981560064e+10
192.188,112,112,53,5.0763661312e+10,4.981560064e+10
192.389,112,112,53,5.0746884096e+10,4.981560064e+10
192.591,112,112,53,5.0718572544e+10,4.981560064e+10
192.792,112,112,53,5.0636783616e+10,4.981560064e+10
192.994,112,112,53,5.0628395008e+10,4.981560064e+10
193.195,112,112,53,5.06462208e+10,4.981560064e+10
193.397,112,112,53,5.0616860672e+10,4.981560064e+10
193.598,112,112,53,5.0538217472e+10,4.981560064e+10
193.799,112,112,53,5.047844864e+10,4.981560064e+10
194.000,112,112,53,5.0513051648e+10,4.981560064e+10
194.202,112,112,53,5.0505711616e+10,4.981560064e+10
194.403,112,112,53,5.0433359872e+10,4.981560064e+10
194.605,112,112,53,5.033689088e+10,4.981560064e+10
194.806,112,112,53,5.0402951168e+10,4.981560064e+10
195.007,112,112,53,5.0369396736e+10,4.981560064e+10
195.208,112,112,53,5.0322210816e+10,4.981560064e+10
195.410,112,112,53,5.0233081856e+10,4.981560064e+10
195.611,112,112,53,5.0185895936e+10,4.981560064e+10
195.813,112,112,53,5.0256150528e+10,4.981560064e+10
196.014,112,112,53,5.0212110336e+10,4.981560064e+10
196.215,112,112,53,5.0131369984e+10,4.981560064e+10
196.416,112,112,53,5.0113544192e+10,4.981560064e+10
196.618,112,112,53,5.0096766976e+10,4.981560064e+10
196.819,112,112,53,5.0041192448e+10,4.981560064e+10
197.021,112,112,53,5.0051678208e+10,4.981560064e+10
197.222,112,112,53,5.0045386752e+10,4.981560064e+10
197.424,112,112,53,5.0003443712e+10,4.981560064e+10
197.625,112,112,53,4.9949966336e+10,4.981560064e+10
197.826,112,112,53,4.9925849088e+10,4.981560064e+10
198.027,112,112,53,4.9913266176e+10,4.981560064e+10
198.229,112,112,53,4.9871323136e+10,4.981560064e+10
198.431,112,112,53,4.9835671552e+10,4.981560064e+10
198.632,112,112,53,4.9766465536e+10,4.981560064e+10
198.833,112,112,53,4.9782194176e+10,4.981560064e+10
199.034,112,112,53,4.9779048448e+10,4.981560064e+10
199.236,112,112,53,4.9685725184e+10,4.981560064e+10
199.437,112,112,53,4.9676288e+10,4.981560064e+10
199.638,112,112,53,4.9652170752e+10,4.981560064e+10
199.840,112,112,53,4.9635393536e+10,4.981560064e+10
200.041,112,112,53,4.9563041792e+10,4.981560064e+10
200.242,112,112,53,4.9526341632e+10,4.981560064e+10
200.443,112,112,53,4.9536827392e+10,4.981560064e+10
200.645,112,112,53,4.9517953024e+10,4.981560064e+10
200.846,112,112,53,4.9439309824e+10,4.981560064e+10
201.047,112,112,53,4.9447698432e+10,4.981560064e+10
201.248,112,112,53,4.9425678336e+10,4.981560064e+10
201.449,112,112,53,4.934074368e+10,4.981560064e+10
201.651,112,112,53,4.9310334976e+10,4.981560064e+10
201.852,112,112,53,4.9329209344e+10,4.981560064e+10
202.053,112,112,53,4.9313480704e+10,4.981560064e+10
202.255,112,112,53,4.925161472e+10,4.981560064e+10
202.456,112,112,53,4.9201283072e+10,4.981560064e+10
202.658,112,112,53,4.9239031808e+10,4.981560064e+10
202.859,112,112,53,4.9205477376e+10,4.981560064e+10
203.060,112,112,53,4.9105862656e+10,4.981560064e+10
203.262,112,112,53,4.9070211072e+10,4.981560064e+10
203.463,112,112,53,4.9051336704e+10,4.981560064e+10
203.664,112,112,53,4.8987373568e+10,4.981560064e+10
203.865,112,112,53,4.8939139072e+10,4.981560064e+10
204.067,112,112,53,4.897374208e+10,4.981560064e+10
204.268,112,112,53,4.8935993344e+10,4.981560064e+10
204.469,112,112,53,4.8886710272e+10,4.981560064e+10
204.670,112,112,53,4.8894050304e+10,4.981560064e+10
204.871,112,112,53,4.8876224512e+10,4.981560064e+10
205.073,112,112,53,4.8772415488e+10,4.981560064e+10
205.274,112,112,53,4.8798629888e+10,4.981560064e+10
205.475,112,112,53,4.8794435584e+10,4.981560064e+10
205.677,112,112,53,4.8696918016e+10,4.981560064e+10
205.878,112,112,53,4.8675946496e+10,4.981560064e+10
206.080,112,112,53,4.8678043648e+10,4.981560064e+10
206.281,112,112,53,4.8696918016e+10,4.981560064e+10
206.483,112,112,53,4.864344064e+10,4.981560064e+10
206.684,112,112,53,4.8594157568e+10,4.981560064e+10
206.885,112,112,53,4.8557457408e+10,4.981560064e+10
207.087,112,112,53,4.8519708672e+10,4.981560064e+10
207.288,112,112,53,4.8526000128e+10,4.981560064e+10
207.489,112,112,53,4.8489299968e+10,4.981560064e+10
207.690,112,112,53,4.8390733824e+10,4.981560064e+10
207.892,112,112,53,4.8452599808e+10,4.981560064e+10
208.093,112,112,53,4.8434774016e+10,4.981560064e+10
208.294,112,112,53,4.8359276544e+10,4.981560064e+10
208.495,112,112,53,4.8291119104e+10,4.981560064e+10
208.696,112,112,53,4.8305799168e+10,4.981560064e+10
208.898,112,112,53,4.8277487616e+10,4.981560064e+10
209.099,112,112,53,4.8278536192e+10,4.981560064e+10
209.301,112,112,53,4.8207233024e+10,4.981560064e+10
209.502,112,112,53,4.8228204544e+10,4.981560064e+10
209.703,112,112,53,4.8206184448e+10,4.981560064e+10
209.905,112,112,53,4.8130686976e+10,4.981560064e+10
210.106,112,112,53,4.8088743936e+10,4.981560064e+10
210.307,112,112,53,4.8085598208e+10,4.981560064e+10
210.508,112,112,53,4.8081403904e+10,4.981560064e+10
210.709,112,112,53,4.8025829376e+10,4.981560064e+10
210.911,112,112,53,4.8017440768e+10,4.981560064e+10
211.112,112,112,53,4.7952429056e+10,4.981560064e+10
211.313,112,112,53,4.7936700416e+10,4.981560064e+10
211.514,112,112,53,4.794089472e+10,4.981560064e+10
211.715,112,112,53,4.7896854528e+10,4.981560064e+10
211.916,112,112,53,4.7853862912e+10,4.981560064e+10
212.118,112,112,53,4.7843377152e+10,4.981560064e+10
212.319,112,112,53,4.7819259904e+10,4.981560064e+10
212.520,112,112,53,4.7790948352e+10,4.981560064e+10
212.721,112,112,53,4.7733276672e+10,4.981560064e+10
212.922,112,112,53,4.7724888064e+10,4.981560064e+10
213.124,112,112,53,4.770496512e+10,4.981560064e+10
213.325,112,112,53,4.7651487744e+10,4.981560064e+10
213.526,112,112,53,4.7633661952e+10,4.981560064e+10
213.727,112,112,53,4.7665119232e+10,4.981560064e+10
213.928,112,112,53,4.7518318592e+10,4.981560064e+10
214.129,112,112,53,4.7494201344e+10,4.981560064e+10
214.330,112,112,53,4.751622144e+10,4.981560064e+10
214.531,112,112,53,4.7491055616e+10,4.981560064e+10
214.732,112,112,53,4.7384100864e+10,4.981560064e+10
214.934,112,112,53,4.7397732352e+10,4.981560064e+10
215.135,112,112,53,4.7394586624e+10,4.981560064e+10
215.336,112,112,53,4.7368372224e+10,4.981560064e+10
215.537,112,112,53,4.7329574912e+10,4.981560064e+10
215.738,112,112,53,4.7260368896e+10,4.981560064e+10
215.940,112,112,53,4.727504896e+10,4.981560064e+10
216.141,112,112,53,4.7221571584e+10,4.981560064e+10
216.342,112,112,53,4.7215280128e+10,4.981560064e+10
216.543,112,112,53,4.7179628544e+10,4.981560064e+10
216.745,112,112,53,4.7174385664e+10,4.981560064e+10
216.946,112,112,53,4.71072768e+10,4.981560064e+10
217.148,112,112,53,4.7089451008e+10,4.981560064e+10
217.349,112,112,53,4.7076868096e+10,4.981560064e+10
217.550,112,112,53,4.7063236608e+10,4.981560064e+10
217.751,112,112,53,4.7062188032e+10,4.981560064e+10
217.953,112,112,53,4.6982496256e+10,4.981560064e+10
218.154,112,112,53,4.698669056e+10,4.981560064e+10
218.356,112,112,53,4.69499904e+10,4.981560064e+10
218.557,112,112,53,4.6927970304e+10,4.981560064e+10
218.758,112,112,53,4.690280448e+10,4.981560064e+10
218.960,112,112,53,4.68713472e+10,4.981560064e+10
219.161,112,112,53,4.6836744192e+10,4.981560064e+10
219.362,112,112,53,4.6814724096e+10,4.981560064e+10
219.563,112,112,53,4.6786412544e+10,4.981560064e+10
219.764,112,112,53,4.6815772672e+10,4.981560064e+10
219.966,112,112,53,4.672454656e+10,4.981560064e+10
220.167,112,112,53,4.6658486272e+10,4.981560064e+10
220.368,112,112,53,4.669833216e+10,4.981560064e+10
220.569,112,112,53,4.6683652096e+10,4.981560064e+10
220.771,112,112,53,4.6573551616e+10,4.981560064e+10
220.972,112,112,53,4.6571454464e+10,4.981560064e+10
221.173,112,112,53,4.6585085952e+10,4.981560064e+10
221.374,112,112,53,4.653056e+10,4.981560064e+10
221.575,112,112,53,4.6507491328e+10,4.981560064e+10
221.777,112,112,53,4.6502248448e+10,4.981560064e+10
221.978,112,112,53,4.6455062528e+10,4.981560064e+10
222.179,112,112,53,4.6429896704e+10,4.981560064e+10
222.380,112,112,53,4.6411022336e+10,4.981560064e+10
222.581,112,112,53,4.6356496384e+10,4.981560064e+10
222.783,112,112,53,4.6353350656e+10,4.981560064e+10
222.984,112,112,53,4.6292533248e+10,4.981560064e+10
223.185,112,112,53,4.6312456192e+10,4.981560064e+10
223.386,112,112,53,4.6285193216e+10,4.981560064e+10
223.587,112,112,53,4.6270513152e+10,4.981560064e+10
223.789,112,112,53,4.6191869952e+10,4.981560064e+10
223.990,112,112,53,4.6167752704e+10,4.981560064e+10
224.191,112,112,53,4.6196064256e+10,4.981560064e+10
224.392,112,112,53,4.6123712512e+10,4.981560064e+10
224.594,112,112,53,4.6104838144e+10,4.981560064e+10
224.796,112,112,53,4.610064384e+10,4.981560064e+10
224.997,112,112,53,4.6085963776e+10,4.981560064e+10
225.198,112,112,53,4.605345792e+10,4.981560064e+10
225.399,112,112,53,4.600102912e+10,4.981560064e+10
225.601,112,112,53,4.6002077696e+10,4.981560064e+10
225.802,112,112,53,4.5926580224e+10,4.981560064e+10
226.004,112,112,53,4.5972717568e+10,4.981560064e+10
226.205,112,112,53,4.5937065984e+10,4.981560064e+10
226.406,112,112,53,4.5891977216e+10,4.981560064e+10
226.607,112,112,53,4.584374272e+10,4.981560064e+10
226.808,112,112,53,4.585947136e+10,4.981560064e+10
227.009,112,112,53,4.58752e+10,4.981560064e+10
227.210,112,112,53,4.5835354112e+10,4.981560064e+10
227.412,112,112,53,4.577558528e+10,4.981560064e+10
227.613,112,112,53,4.5808091136e+10,4.981560064e+10
227.814,112,112,53,4.5852131328e+10,4.981560064e+10
228.015,112,112,53,4.5752516608e+10,4.981560064e+10
228.216,112,112,53,4.5718962176e+10,4.981560064e+10
228.417,112,112,53,4.5748322304e+10,4.981560064e+10
228.618,112,112,53,4.572315648e+10,4.981560064e+10
228.819,112,112,53,4.5701136384e+10,4.981560064e+10
229.021,112,112,53,4.5687504896e+10,4.981560064e+10
229.222,112,112,53,4.5700087808e+10,4.981560064e+10
229.423,112,112,53,4.5626687488e+10,4.981560064e+10
229.624,112,112,53,4.562354176e+10,4.981560064e+10
229.825,112,112,53,4.5647659008e+10,4.981560064e+10
230.026,112,112,53,4.5619347456e+10,4.981560064e+10
230.227,112,112,53,4.5582647296e+10,4.981560064e+10
230.429,112,112,53,4.5584744448e+10,4.981560064e+10
230.630,112,112,53,4.5587890176e+10,4.981560064e+10
230.832,112,112,53,4.555014144e+10,4.981560064e+10
231.033,112,112,53,4.5479886848e+10,4.981560064e+10
231.234,112,112,53,4.5562724352e+10,4.981560064e+10
231.436,112,112,53,4.5542801408e+10,4.981560064e+10
231.637,112,112,53,4.5485129728e+10,4.981560064e+10
231.838,112,112,53,4.5484081152e+10,4.981560064e+10
232.039,112,112,53,4.552916992e+10,4.981560064e+10
232.240,112,112,53,4.5494566912e+10,4.981560064e+10
232.441,112,112,53,4.5464158208e+10,4.981560064e+10
232.642,112,112,53,4.5530218496e+10,4.981560064e+10
232.844,112,112,53,4.5500858368e+10,4.981560064e+10
233.045,112,112,53,4.5464158208e+10,4.981560064e+10
233.247,112,112,53,4.5474643968e+10,4.981560064e+10
233.448,112,112,53,4.5486178304e+10,4.981560064e+10
233.649,112,112,53,4.5498761216e+10,4.981560064e+10
233.850,112,112,53,4.5464158208e+10,4.981560064e+10
234.051,112,112,53,4.5501906944e+10,4.981560064e+10
234.252,112,112,53,4.5473595392e+10,4.981560064e+10
234.453,112,112,53,4.5486178304e+10,4.981560064e+10
234.654,112,112,53,4.5423263744e+10,4.981560064e+10
234.855,112,112,53,4.545052672e+10,4.981560064e+10
235.056,112,112,53,4.5468352512e+10,4.981560064e+10
235.257,112,112,53,4.5426409472e+10,4.981560064e+10
235.458,112,112,53,4.5442138112e+10,4.981560064e+10
235.659,112,112,53,4.5449478144e+10,4.981560064e+10
235.861,112,112,53,4.54033408e+10,4.981560064e+10
236.062,112,112,53,4.5449478144e+10,4.981560064e+10
236.263,112,112,53,4.5452623872e+10,4.981560064e+10
236.464,112,112,53,4.5431652352e+10,4.981560064e+10
236.666,112,112,53,4.5391806464e+10,4.981560064e+10
236.867,112,112,53,4.545052672e+10,4.981560064e+10
237.069,112,112,53,4.5437943808e+10,4.981560064e+10
237.270,112,112,53,4.539285504e+10,4.981560064e+10
237.471,112,112,53,4.5433749504e+10,4.981560064e+10
237.672,112,112,53,4.5421166592e+10,4.981560064e+10
237.874,112,112,53,4.5400195072e+10,4.981560064e+10
238.075,112,112,53,4.5386563584e+10,4.981560064e+10
238.276,112,112,53,4.5464158208e+10,4.981560064e+10
238.477,112,112,53,4.5350912e+10,4.981560064e+10
238.679,112,112,53,4.5401243648e+10,4.981560064e+10
238.880,112,112,53,4.5435846656e+10,4.981560064e+10
239.081,112,112,53,4.5399146496e+10,4.981560064e+10
239.282,112,112,53,4.5375029248e+10,4.981560064e+10
239.483,112,112,53,4.5438992384e+10,4.981560064e+10
239.684,112,112,53,4.5376077824e+10,4.981560064e+10
239.886,112,112,53,4.538761216e+10,4.981560064e+10
240.087,112,112,53,4.5397049344e+10,4.981560064e+10
240.288,112,112,53,4.5433749504e+10,4.981560064e+10
240.489,112,112,53,4.5384466432e+10,4.981560064e+10
240.690,112,112,53,4.5354057728e+10,4.981560064e+10
240.891,112,112,53,4.5389709312e+10,4.981560064e+10
241.092,112,112,53,4.5385515008e+10,4.981560064e+10
241.293,112,112,53,4.536139776e+10,4.981560064e+10
241.494,112,112,53,4.5378174976e+10,4.981560064e+10
241.696,112,112,53,4.5383417856e+10,4.981560064e+10
241.897,112,112,53,4.5380272128e+10,4.981560064e+10
242.098,112,112,53,4.5370834944e+10,4.981560064e+10
242.299,112,112,53,4.5389709312e+10,4.981560064e+10
242.501,112,112,53,4.5351960576e+10,4.981560064e+10
242.702,112,112,53,4.5379223552e+10,4.981560064e+10
242.903,112,112,53,4.5411729408e+10,4.981560064e+10
243.104,112,112,53,4.537188352e+10,4.981560064e+10
243.306,112,112,53,4.5358252032e+10,4.981560064e+10
243.507,112,112,53,4.5391806464e+10,4.981560064e+10
243.708,112,112,53,4.5389709312e+10,4.981560064e+10
243.910,112,112,53,4.536664064e+10,4.981560064e+10
244.111,112,112,53,4.5391806464e+10,4.981560064e+10
244.312,112,112,53,4.5400195072e+10,4.981560064e+10
244.513,112,112,53,4.5341474816e+10,4.981560064e+10
244.715,112,112,53,4.532994048e+10,4.981560064e+10
244.916,112,112,53,4.5389709312e+10,4.981560064e+10
245.117,112,112,53,4.5372932096e+10,4.981560064e+10
245.318,112,112,53,4.5342523392e+10,4.981560064e+10
245.519,112,112,53,4.5383417856e+10,4.981560064e+10
245.721,112,112,53,4.5364543488e+10,4.981560064e+10
245.923,112,112,53,4.5328891904e+10,4.981560064e+10
246.124,112,112,53,4.535615488e+10,4.981560064e+10
246.326,112,112,53,4.5423263744e+10,4.981560064e+10
246.528,112,112,53,4.5383417856e+10,4.981560064e+10
246.729,112,112,53,4.5375029248e+10,4.981560064e+10
246.930,112,112,53,4.5346717696e+10,4.981560064e+10
247.132,112,112,53,4.5416972288e+10,4.981560064e+10
247.333,112,112,53,4.5355106304e+10,4.981560064e+10
247.534,112,112,53,4.5363494912e+10,4.981560064e+10
247.736,112,112,53,4.5353009152e+10,4.981560064e+10
247.937,112,112,53,4.5372932096e+10,4.981560064e+10
248.138,112,112,53,4.5389709312e+10,4.981560064e+10
248.339,112,112,53,4.5354057728e+10,4.981560064e+10
248.541,112,112,53,4.5370834944e+10,4.981560064e+10
248.742,112,112,53,4.5367689216e+10,4.981560064e+10
248.943,112,112,53,4.5400195072e+10,4.981560064e+10
249.144,112,112,53,4.5368737792e+10,4.981560064e+10
249.345,112,112,53,4.5365592064e+10,4.981560064e+10
249.546,112,112,53,4.5393903616e+10,4.981560064e+10
249.748,112,112,53,4.5376077824e+10,4.981560064e+10
249.949,112,112,53,4.537188352e+10,4.981560064e+10
250.150,112,112,53,4.5364543488e+10,4.981560064e+10
250.351,112,112,53,4.5411729408e+10,4.981560064e+10
250.552,112,112,53,4.541382656e+10,4.981560064e+10
250.754,112,112,53,4.533518336e+10,4.981560064e+10
250.956,112,112,53,4.5376077824e+10,4.981560064e+10
251.157,112,112,53,4.5394952192e+10,4.981560064e+10
251.358,112,112,53,4.54033408e+10,4.981560064e+10
251.560,112,112,53,4.5355106304e+10,4.981560064e+10
251.761,112,112,53,4.5384466432e+10,4.981560064e+10
251.962,112,112,53,4.5423263744e+10,4.981560064e+10
252.163,112,112,53,4.536139776e+10,4.981560064e+10
252.365,112,112,53,4.5400195072e+10,4.981560064e+10
252.566,112,112,53,4.541382656e+10,4.981560064e+10
252.767,112,112,53,4.5370834944e+10,4.981560064e+10
252.968,112,112,53,4.5386563584e+10,4.981560064e+10
253.170,112,112,53,4.5427458048e+10,4.981560064e+10
253.371,112,112,53,4.5414875136e+10,4.981560064e+10
253.572,112,112,53,4.5378174976e+10,4.981560064e+10
253.773,112,112,53,4.5451575296e+10,4.981560064e+10
253.974,112,112,53,4.5411729408e+10,4.981560064e+10
254.175,112,112,53,4.5404389376e+10,4.981560064e+10
254.376,112,112,53,4.5454721024e+10,4.981560064e+10
254.577,112,112,53,4.541906944e+10,4.981560064e+10
254.778,112,112,53,4.544528384e+10,4.981560064e+10
254.979,112,112,53,4.5442138112e+10,4.981560064e+10
255.180,112,112,53,4.5489324032e+10,4.981560064e+10
255.381,112,112,53,4.541382656e+10,4.981560064e+10
255.582,112,112,53,4.5469401088e+10,4.981560064e+10
255.783,112,112,53,4.5427458048e+10,4.981560064e+10
255.984,112,112,53,4.5468352512e+10,4.981560064e+10
256.185,112,112,53,4.544004096e+10,4.981560064e+10
256.386,112,112,53,4.5426409472e+10,4.981560064e+10
256.587,112,112,53,4.5442138112e+10,4.981560064e+10
256.788,112,112,53,4.5498761216e+10,4.981560064e+10
256.989,112,112,53,4.5479886848e+10,4.981560064e+10
257.190,112,112,53,4.5451575296e+10,4.981560064e+10
257.391,112,112,53,4.5428506624e+10,4.981560064e+10
257.592,112,112,53,4.5463109632e+10,4.981560064e+10
257.794,112,112,53,4.5459963904e+10,4.981560064e+10
257.995,112,112,53,4.54557696e+10,4.981560064e+10
258.196,112,112,53,4.549246976e+10,4.981560064e+10
258.397,112,112,53,4.5504004096e+10,4.981560064e+10
258.598,112,112,53,4.5470449664e+10,4.981560064e+10
258.799,112,112,53,4.5456818176e+10,4.981560064e+10
259.001,112,112,53,4.5532315648e+10,4.981560064e+10
259.202,112,112,53,4.5528121344e+10,4.981560064e+10
259.403,112,112,53,4.5457866752e+10,4.981560064e+10
259.604,112,112,53,4.5465206784e+10,4.981560064e+10
259.805,112,112,53,4.553965568e+10,4.981560064e+10
260.006,112,112,53,4.5531267072e+10,4.981560064e+10
260.207,112,112,53,4.5512392704e+10,4.981560064e+10
260.408,112,112,53,4.5543849984e+10,4.981560064e+10
260.610,112,112,53,4.5512392704e+10,4.981560064e+10
260.811,112,112,53,4.5526024192e+10,4.981560064e+10
261.012,112,112,53,4.5559578624e+10,4.981560064e+10
261.213,112,112,53,4.5533364224e+10,4.981560064e+10
261.415,112,112,53,4.5528121344e+10,4.981560064e+10
261.616,112,112,53,4.5579501568e+10,4.981560064e+10
261.817,112,112,53,4.5561675776e+10,4.981560064e+10
262.018,112,112,53,4.555014144e+10,4.981560064e+10
262.219,112,112,53,4.553965568e+10,4.981560064e+10
262.420,112,112,53,4.5537558528e+10,4.981560064e+10
262.622,112,112,53,4.5577404416e+10,4.981560064e+10
262.823,112,112,53,4.5609910272e+10,4.981560064e+10
263.024,112,112,53,4.5575307264e+10,4.981560064e+10
263.225,112,112,53,4.5595230208e+10,4.981560064e+10
263.426,112,112,53,4.5585793024e+10,4.981560064e+10
263.627,112,112,53,4.5613056e+10,4.981560064e+10
263.828,112,112,53,4.5615153152e+10,4.981560064e+10
264.030,112,112,53,4.5595230208e+10,4.981560064e+10
264.231,112,112,53,4.5625638912e+10,4.981560064e+10
264.432,112,112,53,4.5635076096e+10,4.981560064e+10
264.633,112,112,53,4.5612007424e+10,4.981560064e+10
264.834,112,112,53,4.563402752e+10,4.981560064e+10
265.036,112,112,53,4.5635076096e+10,4.981560064e+10
265.237,112,112,53,4.5671776256e+10,4.981560064e+10
265.438,112,112,53,4.567597056e+10,4.981560064e+10
265.639,112,112,53,4.568121344e+10,4.981560064e+10
265.840,112,112,53,4.5669679104e+10,4.981560064e+10
266.041,112,112,53,4.5694844928e+10,4.981560064e+10
266.243,112,112,53,4.5668630528e+10,4.981560064e+10
266.444,112,112,53,4.5697990656e+10,4.981560064e+10
266.645,112,112,53,4.5714767872e+10,4.981560064e+10
266.846,112,112,53,4.5721059328e+10,4.981560064e+10
267.047,112,112,53,4.5720010752e+10,4.981560064e+10
267.249,112,112,53,4.5735739392e+10,4.981560064e+10
267.450,112,112,53,4.5734690816e+10,4.981560064e+10
267.651,112,112,53,4.5725253632e+10,4.981560064e+10
267.852,112,112,53,4.5722107904e+10,4.981560064e+10
268.054,112,112,53,4.5747273728e+10,4.981560064e+10
268.255,112,112,53,4.5799702528e+10,4.981560064e+10
268.456,112,112,53,4.5779779584e+10,4.981560064e+10
268.657,112,112,53,4.5772439552e+10,4.981560064e+10
268.858,112,112,53,4.5771390976e+10,4.981560064e+10
269.060,112,112,53,4.5823819776e+10,4.981560064e+10
269.261,112,112,53,4.5826965504e+10,4.981560064e+10
269.462,112,112,53,4.5816479744e+10,4.981560064e+10
269.664,112,112,53,4.5836402688e+10,4.981560064e+10
269.865,112,112,53,4.5814382592e+10,4.981560064e+10
270.067,112,112,53,4.5834305536e+10,4.981560064e+10
270.268,112,112,53,4.5851082752e+10,4.981560064e+10
270.469,112,112,53,4.5909803008e+10,4.981560064e+10
270.670,112,112,53,4.5924483072e+10,4.981560064e+10
270.871,112,112,53,4.5907705856e+10,4.981560064e+10
271.072,112,112,53,4.5879394304e+10,4.981560064e+10
271.273,112,112,53,4.5886734336e+10,4.981560064e+10
271.474,112,112,53,4.5878345728e+10,4.981560064e+10
271.675,112,112,53,4.5895122944e+10,4.981560064e+10
271.876,112,112,53,4.59800576e+10,4.981560064e+10
272.078,112,112,53,4.597481472e+10,4.981560064e+10
272.279,112,112,53,4.5946503168e+10,4.981560064e+10
272.480,112,112,53,4.5950697472e+10,4.981560064e+10
272.681,112,112,53,4.5991591936e+10,4.981560064e+10
272.882,112,112,53,4.6015709184e+10,4.981560064e+10
273.083,112,112,53,4.6010466304e+10,4.981560064e+10
273.285,112,112,53,4.6010466304e+10,4.981560064e+10
273.486,112,112,53,4.5999980544e+10,4.981560064e+10
273.687,112,112,53,4.6091206656e+10,4.981560064e+10
273.888,112,112,53,4.6071283712e+10,4.981560064e+10
274.089,112,112,53,4.609015808e+10,4.981560064e+10
274.291,112,112,53,4.6093303808e+10,4.981560064e+10
274.492,112,112,53,4.6061846528e+10,4.981560064e+10
274.693,112,112,53,4.6064992256e+10,4.981560064e+10
274.894,112,112,53,4.6123712512e+10,4.981560064e+10
275.095,112,112,53,4.6152024064e+10,4.981560064e+10
275.297,112,112,53,4.6166704128e+10,4.981560064e+10
275.498,112,112,53,4.6130003968e+10,4.981560064e+10
275.700,112,112,53,4.6135246848e+10,4.981560064e+10
275.901,112,112,53,4.619501568e+10,4.981560064e+10
276.103,112,112,53,4.6191869952e+10,4.981560064e+10
276.304,112,112,53,4.620550144e+10,4.981560064e+10
276.505,112,112,53,4.6234861568e+10,4.981560064e+10
276.706,112,112,53,4.6251638784e+10,4.981560064e+10
276.907,112,112,53,4.6269464576e+10,4.981560064e+10
277.109,112,112,53,4.6251638784e+10,4.981560064e+10
277.310,112,112,53,4.6291484672e+10,4.981560064e+10
277.511,112,112,53,4.6239055872e+10,4.981560064e+10
277.712,112,112,53,4.6261075968e+10,4.981560064e+10
277.913,112,112,53,4.6270513152e+10,4.981560064e+10
278.114,112,112,53,4.633133056e+10,4.981560064e+10
278.315,112,112,53,4.6343913472e+10,4.981560064e+10
278.517,112,112,53,4.636278784e+10,4.981560064e+10
278.718,112,112,53,4.631035904e+10,4.981560064e+10
278.919,112,112,53,4.6327136256e+10,4.981560064e+10
279.120,112,112,53,4.636278784e+10,4.981560064e+10
279.321,112,112,53,4.6379565056e+10,4.981560064e+10
279.522,112,112,53,4.6408925184e+10,4.981560064e+10
279.724,112,112,53,4.6412070912e+10,4.981560064e+10
279.925,112,112,53,4.639424512e+10,4.981560064e+10
280.126,112,112,53,4.6397390848e+10,4.981560064e+10
280.327,112,112,53,4.6412070912e+10,4.981560064e+10
280.528,112,112,53,4.644667392e+10,4.981560064e+10
280.730,112,112,53,4.6447722496e+10,4.981560064e+10
280.931,112,112,53,4.64781312e+10,4.981560064e+10
281.132,112,112,53,4.6459256832e+10,4.981560064e+10
281.334,112,112,53,4.6471839744e+10,4.981560064e+10
281.536,112,112,53,4.644667392e+10,4.981560064e+10
281.737,112,112,53,4.6543142912e+10,4.981560064e+10
281.938,112,112,53,4.6545240064e+10,4.981560064e+10
282.139,112,112,53,4.6511685632e+10,4.981560064e+10
282.340,112,112,53,4.6527414272e+10,4.981560064e+10
282.542,112,112,53,4.6560968704e+10,4.981560064e+10
282.743,112,112,53,4.6522171392e+10,4.981560064e+10
282.944,112,112,53,4.6606057472e+10,4.981560064e+10
283.145,112,112,53,4.6601863168e+10,4.981560064e+10
283.346,112,112,53,4.6590328832e+10,4.981560064e+10
283.547,112,112,53,4.6596620288e+10,4.981560064e+10
283.748,112,112,53,4.6612348928e+10,4.981560064e+10
283.949,112,112,53,4.6612348928e+10,4.981560064e+10
284.150,112,112,53,4.6587183104e+10,4.981560064e+10
284.351,112,112,53,4.6632271872e+10,4.981560064e+10
284.552,112,112,53,4.6686797824e+10,4.981560064e+10
284.753,112,112,53,4.6671069184e+10,4.981560064e+10
284.955,112,112,53,4.6665826304e+10,4.981560064e+10
285.156,112,112,53,4.6657437696e+10,4.981560064e+10
285.357,112,112,53,4.6673166336e+10,4.981560064e+10
285.559,112,112,53,4.6673166336e+10,4.981560064e+10
285.760,112,112,53,4.6709866496e+10,4.981560064e+10
285.961,112,112,53,4.6695186432e+10,4.981560064e+10
286.162,112,112,53,4.6736080896e+10,4.981560064e+10
286.363,112,112,53,4.671930368e+10,4.981560064e+10
286.564,112,112,53,4.6754955264e+10,4.981560064e+10
286.765,112,112,53,4.6763343872e+10,4.981560064e+10
286.966,112,112,53,4.6759149568e+10,4.981560064e+10
287.167,112,112,53,4.6786412544e+10,4.981560064e+10
287.368,112,112,53,4.6772781056e+10,4.981560064e+10
287.569,112,112,53,4.6794801152e+10,4.981560064e+10
287.770,112,112,53,4.6767538176e+10,4.981560064e+10
287.971,112,112,53,4.6844084224e+10,4.981560064e+10
288.172,112,112,53,4.683464704e+10,4.981560064e+10
288.373,112,112,53,4.6810529792e+10,4.981560064e+10
288.575,112,112,53,4.681367552e+10,4.981560064e+10
288.777,112,112,53,4.6832549888e+10,4.981560064e+10
288.978,112,112,53,4.682416128e+10,4.981560064e+10
289.179,112,112,53,4.6837792768e+10,4.981560064e+10
289.380,112,112,53,4.6921678848e+10,4.981560064e+10
289.581,112,112,53,4.6926921728e+10,4.981560064e+10
289.782,112,112,53,4.6915387392e+10,4.981560064e+10
289.983,112,112,53,4.6910144512e+10,4.981560064e+10
290.184,112,112,53,4.6884978688e+10,4.981560064e+10
290.385,112,112,53,4.6893367296e+10,4.981560064e+10
290.586,112,112,53,4.693950464e+10,4.981560064e+10
290.787,112,112,53,4.6947893248e+10,4.981560064e+10
290.988,112,112,53,4.6932164608e+10,4.981560064e+10
291.189,112,112,53,4.6948941824e+10,4.981560064e+10
291.390,112,112,53,4.6940553216e+10,4.981560064e+10
291.591,112,112,53,4.6957330432e+10,4.981560064e+10
291.792,112,112,53,4.6974107648e+10,4.981560064e+10
291.993,112,112,53,4.6992982016e+10,4.981560064e+10
292.194,112,112,53,4.7001370624e+10,4.981560064e+10
292.395,112,112,53,4.6988787712e+10,4.981560064e+10
292.597,112,112,53,4.6995079168e+10,4.981560064e+10
292.798,112,112,53,4.7025487872e+10,4.981560064e+10
292.999,112,112,53,4.7054848e+10,4.981560064e+10
293.200,112,112,53,4.7071625216e+10,4.981560064e+10
293.401,112,112,53,4.7008710656e+10,4.981560064e+10
293.603,112,112,53,4.7054848e+10,4.981560064e+10
293.804,112,112,53,4.7071625216e+10,4.981560064e+10
294.005,112,112,53,4.7090499584e+10,4.981560064e+10
294.206,112,112,53,4.709154816e+10,4.981560064e+10
294.407,112,112,53,4.7100985344e+10,4.981560064e+10
294.608,112,112,53,4.7111471104e+10,4.981560064e+10
294.809,112,112,53,4.7106228224e+10,4.981560064e+10
295.010,112,112,53,4.7088402432e+10,4.981560064e+10
295.211,112,112,53,4.7130345472e+10,4.981560064e+10
295.412,112,112,53,4.713873408e+10,4.981560064e+10
295.613,112,112,53,4.7181725696e+10,4.981560064e+10
295.814,112,112,53,4.7190114304e+10,4.981560064e+10
296.015,112,112,53,4.717543424e+10,4.981560064e+10
296.216,112,112,53,4.7189065728e+10,4.981560064e+10
296.417,112,112,53,4.7169142784e+10,4.981560064e+10
296.618,112,112,53,4.7167045632e+10,4.981560064e+10
296.819,112,112,53,4.718067712e+10,4.981560064e+10
297.020,112,112,53,4.7158657024e+10,4.981560064e+10
297.221,112,112,53,4.7237300224e+10,4.981560064e+10
297.422,112,112,53,4.7241494528e+10,4.981560064e+10
297.623,112,112,53,4.7283437568e+10,4.981560064e+10
297.824,112,112,53,4.7253028864e+10,4.981560064e+10
298.025,112,112,53,4.7203745792e+10,4.981560064e+10
298.226,112,112,53,4.7245688832e+10,4.981560064e+10
298.427,112,112,53,4.7245688832e+10,4.981560064e+10
298.628,112,112,53,4.726980608e+10,4.981560064e+10
298.829,112,112,53,4.7272951808e+10,4.981560064e+10
299.030,112,112,53,4.7266660352e+10,4.981560064e+10
299.231,112,112,53,4.7316992e+10,4.981560064e+10
299.432,112,112,53,4.7336914944e+10,4.981560064e+10
299.633,112,112,53,4.7323283456e+10,4.981560064e+10
299.834,112,112,53,4.7288680448e+10,4.981560064e+10
300.036,112,112,53,4.7288680448e+10,4.981560064e+10
300.237,112,112,53,4.7303360512e+10,4.981560064e+10
300.438,112,112,53,4.7365226496e+10,4.981560064e+10
300.639,112,112,53,4.7376760832e+10,4.981560064e+10
300.840,112,112,53,4.737466368e+10,4.981560064e+10
301.041,112,112,53,4.7376760832e+10,4.981560064e+10
301.242,112,112,53,4.7377809408e+10,4.981560064e+10
301.443,112,112,53,4.7383052288e+10,4.981560064e+10
301.644,112,112,53,4.7368372224e+10,4.981560064e+10
301.846,112,112,53,4.7383052288e+10,4.981560064e+10
302.047,112,112,53,4.7372566528e+10,4.981560064e+10
302.248,112,112,53,4.7434432512e+10,4.981560064e+10
302.449,112,112,53,4.745854976e+10,4.981560064e+10
302.650,112,112,53,4.7492104192e+10,4.981560064e+10
302.851,112,112,53,4.7462744064e+10,4.981560064e+10
303.052,112,112,53,4.743757824e+10,4.981560064e+10
303.253,112,112,53,4.7434432512e+10,4.981560064e+10
303.455,112,112,53,4.7441772544e+10,4.981560064e+10
303.656,112,112,53,4.7439675392e+10,4.981560064e+10
303.857,112,112,53,4.7445966848e+10,4.981560064e+10
304.058,112,112,53,4.7494201344e+10,4.981560064e+10
304.259,112,112,53,4.7488958464e+10,4.981560064e+10
304.460,112,112,53,4.7514124288e+10,4.981560064e+10
304.661,112,112,53,4.7532998656e+10,4.981560064e+10
304.862,112,112,53,4.7515172864e+10,4.981560064e+10
305.063,112,112,53,4.7507832832e+10,4.981560064e+10
305.264,112,112,53,4.75004928e+10,4.981560064e+10
305.465,112,112,53,4.7491055616e+10,4.981560064e+10
305.667,112,112,53,4.7503638528e+10,4.981560064e+10
305.868,112,112,53,4.7566553088e+10,4.981560064e+10
306.069,112,112,53,4.7580184576e+10,4.981560064e+10
306.271,112,112,53,4.758437888e+10,4.981560064e+10
306.472,112,112,53,4.7618981888e+10,4.981560064e+10
306.674,112,112,53,4.7643099136e+10,4.981560064e+10
306.875,112,112,53,4.7643099136e+10,4.981560064e+10
307.076,112,112,53,4.762632192e+10,4.981560064e+10
307.277,112,112,53,4.7586476032e+10,4.981560064e+10
307.478,112,112,53,4.7566553088e+10,4.981560064e+10
307.679,112,112,53,4.758962176e+10,4.981560064e+10
307.880,112,112,53,4.7637856256e+10,4.981560064e+10
308.081,112,112,53,4.766826496e+10,4.981560064e+10
308.282,112,112,53,4.7643099136e+10,4.981560064e+10
308.484,112,112,53,4.7674556416e+10,4.981560064e+10
308.685,112,112,53,4.7711256576e+10,4.981560064e+10
308.887,112,112,53,4.7691333632e+10,4.981560064e+10
309.088,112,112,53,4.7653584896e+10,4.981560064e+10
309.289,112,112,53,4.7644147712e+10,4.981560064e+10
309.490,112,112,53,4.76839936e+10,4.981560064e+10
309.691,112,112,53,4.766302208e+10,4.981560064e+10
309.892,112,112,53,4.7696576512e+10,4.981560064e+10
310.093,112,112,53,4.7728033792e+10,4.981560064e+10
310.294,112,112,53,4.7749005312e+10,4.981560064e+10
310.496,112,112,53,4.7771025408e+10,4.981560064e+10
310.697,112,112,53,4.7751102464e+10,4.981560064e+10
310.898,112,112,53,4.7733276672e+10,4.981560064e+10
311.099,112,112,53,4.7769976832e+10,4.981560064e+10
311.300,112,112,53,4.7764733952e+10,4.981560064e+10
311.501,112,112,53,4.7779414016e+10,4.981560064e+10
311.702,112,112,53,4.7766831104e+10,4.981560064e+10
311.903,112,112,53,4.7749005312e+10,4.981560064e+10
312.104,112,112,53,4.7807725568e+10,4.981560064e+10
312.305,112,112,53,4.7812968448e+10,4.981560064e+10
312.507,112,112,53,4.7821357056e+10,4.981560064e+10
312.708,112,112,53,4.7795142656e+10,4.981560064e+10
312.909,112,112,53,4.7805628416e+10,4.981560064e+10
313.110,112,112,53,4.7802482688e+10,4.981560064e+10
313.311,112,112,53,4.7787802624e+10,4.981560064e+10
313.512,112,112,53,4.782555136e+10,4.981560064e+10
313.713,112,112,53,4.7838134272e+10,4.981560064e+10
313.915,112,112,53,4.7897903104e+10,4.981560064e+10
314.116,112,112,53,4.7903145984e+10,4.981560064e+10
314.317,112,112,53,4.7884271616e+10,4.981560064e+10
314.518,112,112,53,4.7850717184e+10,4.981560064e+10
314.719,112,112,53,4.7891611648e+10,4.981560064e+10
314.920,112,112,53,4.7881125888e+10,4.981560064e+10
315.121,112,112,53,4.7889514496e+10,4.981560064e+10
315.322,112,112,53,4.7903145984e+10,4.981560064e+10
315.524,112,112,53,4.7894757376e+10,4.981560064e+10
315.725,112,112,53,4.7916777472e+10,4.981560064e+10
315.927,112,112,53,4.7911534592e+10,4.981560064e+10
316.128,112,112,53,4.7928311808e+10,4.981560064e+10
316.329,112,112,53,4.794089472e+10,4.981560064e+10
316.530,112,112,53,4.7894757376e+10,4.981560064e+10
316.731,112,112,53,4.7917826048e+10,4.981560064e+10
316.932,112,112,53,4.79461376e+10,4.981560064e+10
317.133,112,112,53,4.800380928e+10,4.981560064e+10
317.334,112,112,53,4.8008003584e+10,4.981560064e+10
317.535,112,112,53,4.8005906432e+10,4.981560064e+10
317.736,112,112,53,4.7976546304e+10,4.981560064e+10
317.937,112,112,53,4.7991226368e+10,4.981560064e+10
318.138,112,112,53,4.7985983488e+10,4.981560064e+10
318.339,112,112,53,4.7979692032e+10,4.981560064e+10
318.540,112,112,53,4.7969206272e+10,4.981560064e+10
318.741,112,112,53,4.8033169408e+10,4.981560064e+10
318.942,112,112,53,4.804050944e+10,4.981560064e+10
319.143,112,112,53,4.8054140928e+10,4.981560064e+10
319.344,112,112,53,4.808245248e+10,4.981560064e+10
319.545,112,112,53,4.8068820992e+10,4.981560064e+10
319.747,112,112,53,4.8068820992e+10,4.981560064e+10
319.948,112,112,53,4.8037363712e+10,4.981560064e+10
320.149,112,112,53,4.805623808e+10,4.981560064e+10
320.350,112,112,53,4.8041558016e+10,4.981560064e+10
320.551,112,112,53,4.8049946624e+10,4.981560064e+10
320.752,112,112,53,4.8036315136e+10,4.981560064e+10
320.953,112,112,53,4.8062529536e+10,4.981560064e+10
321.154,112,112,53,4.8070918144e+10,4.981560064e+10
321.355,112,112,53,4.8085598208e+10,4.981560064e+10
321.556,112,112,53,4.812439552e+10,4.981560064e+10
321.757,112,112,53,4.8118104064e+10,4.981560064e+10
321.958,112,112,53,4.8174727168e+10,4.981560064e+10
322.159,112,112,53,4.814536704e+10,4.981560064e+10
322.361,112,112,53,4.8109715456e+10,4.981560064e+10
322.562,112,112,53,4.8154804224e+10,4.981560064e+10
322.763,112,112,53,4.8112861184e+10,4.981560064e+10
322.964,112,112,53,4.8175775744e+10,4.981560064e+10
323.165,112,112,53,4.8167387136e+10,4.981560064e+10
323.366,112,112,53,4.819255296e+10,4.981560064e+10
323.567,112,112,53,4.819255296e+10,4.981560064e+10
323.768,112,112,53,4.8193601536e+10,4.981560064e+10
323.969,112,112,53,4.8243933184e+10,4.981560064e+10
324.170,112,112,53,4.8200941568e+10,4.981560064e+10
324.371,112,112,53,4.8204087296e+10,4.981560064e+10
324.572,112,112,53,4.8177872896e+10,4.981560064e+10
324.773,112,112,53,4.819255296e+10,4.981560064e+10
324.973,112,112,53,4.8234496e+10,4.981560064e+10
325.174,112,112,53,4.8236593152e+10,4.981560064e+10
325.375,112,112,53,4.82607104e+10,4.981560064e+10
325.576,112,112,53,4.829216768e+10,4.981560064e+10
325.777,112,112,53,4.8287973376e+10,4.981560064e+10
325.978,112,112,53,4.8300556288e+10,4.981560064e+10
326.179,112,112,53,4.8256516096e+10,4.981560064e+10
326.380,112,112,53,4.8249176064e+10,4.981560064e+10
326.581,112,112,53,4.825546752e+10,4.981560064e+10
326.782,112,112,53,4.8301604864e+10,4.981560064e+10
326.983,112,112,53,4.830789632e+10,4.981560064e+10
327.184,112,112,53,4.832362496e+10,4.981560064e+10
327.384,112,112,53,4.834983936e+10,4.981560064e+10
327.585,112,112,53,4.8356130816e+10,4.981560064e+10
327.786,112,112,53,4.8366616576e+10,4.981560064e+10
327.988,112,112,53,4.8358227968e+10,4.981560064e+10
328.189,112,112,53,4.8322576384e+10,4.981560064e+10
328.390,112,112,53,4.830789632e+10,4.981560064e+10
328.591,112,112,53,4.8335159296e+10,4.981560064e+10
328.792,112,112,53,4.8342499328e+10,4.981560064e+10
328.993,112,112,53,4.8387588096e+10,4.981560064e+10
329.194,112,112,53,4.8401219584e+10,4.981560064e+10
329.395,112,112,53,4.8427433984e+10,4.981560064e+10
329.596,112,112,53,4.8419045376e+10,4.981560064e+10
329.798,112,112,53,4.8425336832e+10,4.981560064e+10
329.999,112,112,53,4.8400171008e+10,4.981560064e+10
330.200,112,112,53,4.8406462464e+10,4.981560064e+10
330.401,112,112,53,4.8395976704e+10,4.981560064e+10
330.602,112,112,53,4.8404365312e+10,4.981560064e+10
330.803,112,112,53,4.840226816e+10,4.981560064e+10
331.004,112,112,53,4.843372544e+10,4.981560064e+10
331.205,112,112,53,4.8445259776e+10,4.981560064e+10
331.407,112,112,53,4.843896832e+10,4.981560064e+10
331.608,112,112,53,4.8472522752e+10,4.981560064e+10
331.809,112,112,53,4.8484057088e+10,4.981560064e+10
332.010,112,112,53,4.851761152e+10,4.981560064e+10
332.211,112,112,53,4.850188288e+10,4.981560064e+10
332.412,112,112,53,4.8448405504e+10,4.981560064e+10
332.613,112,112,53,4.847566848e+10,4.981560064e+10
332.814,112,112,53,4.8476717056e+10,4.981560064e+10
333.015,112,112,53,4.8510271488e+10,4.981560064e+10
333.216,112,112,53,4.8506077184e+10,4.981560064e+10
333.418,112,112,53,4.8535437312e+10,4.981560064e+10
333.619,112,112,53,4.8536485888e+10,4.981560064e+10
333.820,112,112,53,4.853858304e+10,4.981560064e+10
334.021,112,112,53,4.8560603136e+10,4.981560064e+10
334.222,112,112,53,4.856479744e+10,4.981560064e+10
334.423,112,112,53,4.8576331776e+10,4.981560064e+10
334.624,112,112,53,4.8572137472e+10,4.981560064e+10
334.825,112,112,53,4.857004032e+10,4.981560064e+10
335.027,112,112,53,4.858052608e+10,4.981560064e+10
335.228,112,112,53,4.8577380352e+10,4.981560064e+10
335.429,112,112,53,4.8557457408e+10,4.981560064e+10
335.630,112,112,53,4.853858304e+10,4.981560064e+10
335.831,112,112,53,4.8608837632e+10,4.981560064e+10
336.032,112,112,53,4.861198336e+10,4.981560064e+10
336.233,112,112,53,4.8610934784e+10,4.981560064e+10
336.434,112,112,53,4.8631906304e+10,4.981560064e+10
336.635,112,112,53,4.8613031936e+10,4.981560064e+10
336.836,112,112,53,4.8628760576e+10,4.981560064e+10
337.037,112,112,53,4.8658120704e+10,4.981560064e+10
337.238,112,112,53,4.8641343488e+10,4.981560064e+10
337.439,112,112,53,4.8616177664e+10,4.981560064e+10
337.640,112,112,53,4.8609886208e+10,4.981560064e+10
337.841,112,112,53,4.8681189376e+10,4.981560064e+10
338.042,112,112,53,4.8703209472e+10,4.981560064e+10
338.243,112,112,53,4.8671752192e+10,4.981560064e+10
338.444,112,112,53,4.8710549504e+10,4.981560064e+10
338.644,112,112,53,4.8718938112e+10,4.981560064e+10
338.845,112,112,53,4.8694820864e+10,4.981560064e+10
339.046,112,112,53,4.8718938112e+10,4.981560064e+10
339.247,112,112,53,4.8713695232e+10,4.981560064e+10
339.448,112,112,53,4.8705306624e+10,4.981560064e+10
339.649,112,112,53,4.8719986688e+10,4.981560064e+10
339.850,112,112,53,4.868538368e+10,4.981560064e+10
340.051,112,112,53,4.8728375296e+10,4.981560064e+10
340.252,112,112,53,4.8734666752e+10,4.981560064e+10
340.453,112,112,53,4.8756686848e+10,4.981560064e+10
340.653,112,112,53,4.8755638272e+10,4.981560064e+10
340.854,112,112,53,4.8751443968e+10,4.981560064e+10
341.055,112,112,53,4.8751443968e+10,4.981560064e+10
341.257,112,112,53,4.8747249664e+10,4.981560064e+10
341.458,112,112,53,4.8780804096e+10,4.981560064e+10
341.659,112,112,53,4.8776609792e+10,4.981560064e+10
341.861,112,112,53,4.8772415488e+10,4.981560064e+10
342.062,112,112,53,4.8787095552e+10,4.981560064e+10
342.264,112,112,53,4.8820649984e+10,4.981560064e+10
342.465,112,112,53,4.8827990016e+10,4.981560064e+10
342.666,112,112,53,4.8831135744e+10,4.981560064e+10
342.867,112,112,53,4.8824844288e+10,4.981560064e+10
343.068,112,112,53,4.882694144e+10,4.981560064e+10
343.269,112,112,53,4.8825892864e+10,4.981560064e+10
343.470,112,112,53,4.8841621504e+10,4.981560064e+10
343.670,112,112,53,4.8836378624e+10,4.981560064e+10
343.871,112,112,53,4.8835330048e+10,4.981560064e+10
344.072,112,112,53,4.8833232896e+10,4.981560064e+10
344.273,112,112,53,4.8841621504e+10,4.981560064e+10
344.474,112,112,53,4.8872030208e+10,4.981560064e+10
344.675,112,112,53,4.8864690176e+10,4.981560064e+10
344.876,112,112,53,4.8923410432e+10,4.981560064e+10
345.077,112,112,53,4.8923410432e+10,4.981560064e+10
345.278,112,112,53,4.89160704e+10,4.981560064e+10
345.479,112,112,53,4.8907681792e+10,4.981560064e+10
345.680,112,112,53,4.891082752e+10,4.981560064e+10
345.880,112,112,53,4.8886710272e+10,4.981560064e+10
346.081,112,112,53,4.8890904576e+10,4.981560064e+10
346.282,112,112,53,4.8899293184e+10,4.981560064e+10
346.483,112,112,53,4.8893001728e+10,4.981560064e+10
346.684,112,112,53,4.8924459008e+10,4.981560064e+10
346.885,112,112,53,4.8971644928e+10,4.981560064e+10
347.086,112,112,53,4.8946479104e+10,4.981560064e+10
347.287,112,112,53,4.9007296512e+10,4.981560064e+10
347.488,112,112,53,4.9016733696e+10,4.981560064e+10
347.688,112,112,53,4.9025122304e+10,4.981560064e+10
347.889,112,112,53,4.89947136e+10,4.981560064e+10
348.090,112,112,53,4.8990519296e+10,4.981560064e+10
348.292,112,112,53,4.8953819136e+10,4.981560064e+10
348.493,112,112,53,4.8953819136e+10,4.981560064e+10
348.694,112,112,53,4.8951721984e+10,4.981560064e+10
348.895,112,112,53,4.8996810752e+10,4.981560064e+10
349.096,112,112,53,4.9033510912e+10,4.981560064e+10
349.297,112,112,53,4.9038753792e+10,4.981560064e+10
349.498,112,112,53,4.9042948096e+10,4.981560064e+10
349.699,112,112,53,4.9043996672e+10,4.981560064e+10
349.900,112,112,53,4.9049239552e+10,4.981560064e+10
350.101,112,112,53,4.9092231168e+10,4.981560064e+10
350.302,112,112,53,4.9091182592e+10,4.981560064e+10
350.503,112,112,53,4.90471424e+10,4.981560064e+10
350.704,112,112,53,4.9029316608e+10,4.981560064e+10
350.905,112,112,53,4.9020928e+10,4.981560064e+10
351.106,112,112,53,4.9025122304e+10,4.981560064e+10
351.307,112,112,53,4.9043996672e+10,4.981560064e+10
351.508,112,112,53,4.9067065344e+10,4.981560064e+10
351.708,112,112,53,4.9066016768e+10,4.981560064e+10
351.909,112,112,53,4.9150951424e+10,4.981560064e+10
352.110,112,112,53,4.9156194304e+10,4.981560064e+10
352.311,112,112,53,4.91257856e+10,4.981560064e+10
352.512,112,112,53,4.914151424e+10,4.981560064e+10
352.713,112,112,53,4.914151424e+10,4.981560064e+10
352.914,112,112,53,4.9132077056e+10,4.981560064e+10
353.115,112,112,53,4.9142562816e+10,4.981560064e+10
353.316,112,112,53,4.9121591296e+10,4.981560064e+10
353.517,112,112,53,4.9092231168e+10,4.981560064e+10
353.717,112,112,53,4.9095376896e+10,4.981560064e+10
353.918,112,112,53,4.9119494144e+10,4.981560064e+10
354.119,112,112,53,4.9149902848e+10,4.981560064e+10
354.320,112,112,53,4.9153048576e+10,4.981560064e+10
354.521,112,112,53,4.9194991616e+10,4.981560064e+10
354.722,112,112,53,4.9205477376e+10,4.981560064e+10
354.923,112,112,53,4.9205477376e+10,4.981560064e+10
355.124,112,112,53,4.9168777216e+10,4.981560064e+10
355.325,112,112,53,4.9192894464e+10,4.981560064e+10
355.526,112,112,53,4.9186603008e+10,4.981560064e+10
355.726,112,112,53,4.9166680064e+10,4.981560064e+10
355.927,112,112,53,4.9201283072e+10,4.981560064e+10
356.128,112,112,53,4.9198137344e+10,4.981560064e+10
356.329,112,112,53,4.9181360128e+10,4.981560064e+10
356.530,112,112,53,4.9169825792e+10,4.981560064e+10
356.731,112,112,53,4.9218060288e+10,4.981560064e+10
356.932,112,112,53,4.9217011712e+10,4.981560064e+10
357.133,112,112,53,4.9253711872e+10,4.981560064e+10
357.334,112,112,53,4.9240080384e+10,4.981560064e+10
357.535,112,112,53,4.924112896e+10,4.981560064e+10
357.736,112,112,53,4.9252663296e+10,4.981560064e+10
357.937,112,112,53,4.9258954752e+10,4.981560064e+10
358.138,112,112,53,4.9252663296e+10,4.981560064e+10
358.339,112,112,53,4.9239031808e+10,4.981560064e+10
358.541,112,112,53,4.9253711872e+10,4.981560064e+10
358.742,112,112,53,4.923588608e+10,4.981560064e+10
358.943,112,112,53,4.9271537664e+10,4.981560064e+10
359.144,112,112,53,4.927258624e+10,4.981560064e+10
359.345,112,112,53,4.9273634816e+10,4.981560064e+10
359.547,112,112,53,4.9290412032e+10,4.981560064e+10
359.748,112,112,53,4.9311383552e+10,4.981560064e+10
359.949,112,112,53,4.93092864e+10,4.981560064e+10
360.151,112,112,53,4.9308237824e+10,4.981560064e+10
360.352,112,112,53,4.930404352e+10,4.981560064e+10
360.553,112,112,53,4.9328160768e+10,4.981560064e+10
360.755,112,112,53,4.9323966464e+10,4.981560064e+10
360.956,112,112,53,4.9334452224e+10,4.981560064e+10
361.157,112,112,53,4.9339695104e+10,4.981560064e+10
361.358,112,112,53,4.9320820736e+10,4.981560064e+10
361.559,112,112,53,4.9379540992e+10,4.981560064e+10
361.760,112,112,53,4.9386881024e+10,4.981560064e+10
361.961,112,112,53,4.9358569472e+10,4.981560064e+10
362.163,112,112,53,4.9359618048e+10,4.981560064e+10
362.364,112,112,53,4.9383735296e+10,4.981560064e+10
362.565,112,112,53,4.9380589568e+10,4.981560064e+10
362.766,112,112,53,4.936695808e+10,4.981560064e+10
362.967,112,112,53,4.9381638144e+10,4.981560064e+10
363.168,112,112,53,4.9326063616e+10,4.981560064e+10
363.369,112,112,53,4.9392123904e+10,4.981560064e+10
363.570,112,112,53,4.9412046848e+10,4.981560064e+10
363.772,112,112,53,4.9405755392e+10,4.981560064e+10
363.973,112,112,53,4.940365824e+10,4.981560064e+10
364.174,112,112,53,4.9409949696e+10,4.981560064e+10
364.375,112,112,53,4.9425678336e+10,4.981560064e+10
364.576,112,112,53,4.9430921216e+10,4.981560064e+10
364.777,112,112,53,4.9414144e+10,4.981560064e+10
364.978,112,112,53,4.9418338304e+10,4.981560064e+10
365.179,112,112,53,4.9428824064e+10,4.981560064e+10
365.380,112,112,53,4.9434066944e+10,4.981560064e+10
365.582,112,112,53,4.9446649856e+10,4.981560064e+10
365.783,112,112,53,4.9422532608e+10,4.981560064e+10
365.984,112,112,53,4.9460281344e+10,4.981560064e+10
366.185,112,112,53,4.9479155712e+10,4.981560064e+10
366.387,112,112,53,4.9488592896e+10,4.981560064e+10
366.588,112,112,53,4.9463427072e+10,4.981560064e+10
366.789,112,112,53,4.9504321536e+10,4.981560064e+10
366.991,112,112,53,4.9546264576e+10,4.981560064e+10
367.192,112,112,53,4.9538924544e+10,4.981560064e+10
367.393,112,112,53,4.9473912832e+10,4.981560064e+10
367.594,112,112,53,4.948230144e+10,4.981560064e+10
367.795,112,112,53,4.94927872e+10,4.981560064e+10
367.997,112,112,53,4.9493835776e+10,4.981560064e+10
368.198,112,112,53,4.9500127232e+10,4.981560064e+10
368.399,112,112,53,4.952424448e+10,4.981560064e+10
368.600,112,112,53,4.9548361728e+10,4.981560064e+10
368.801,112,112,53,4.9535778816e+10,4.981560064e+10
369.002,112,112,53,4.9527390208e+10,4.981560064e+10
369.203,112,112,53,4.957667328e+10,4.981560064e+10
369.404,112,112,53,4.955570176e+10,4.981560064e+10
369.605,112,112,53,4.9528438784e+10,4.981560064e+10
369.807,112,112,53,4.9538924544e+10,4.981560064e+10
370.008,112,112,53,4.9510612992e+10,4.981560064e+10
370.210,112,112,53,4.9515855872e+10,4.981560064e+10
370.411,112,112,53,4.9532633088e+10,4.981560064e+10
370.612,112,112,53,4.9595547648e+10,4.981560064e+10
370.813,112,112,53,4.959240192e+10,4.981560064e+10
371.014,112,112,53,4.9590304768e+10,4.981560064e+10
371.215,112,112,53,4.9600790528e+10,4.981560064e+10
371.416,112,112,53,4.9614422016e+10,4.981560064e+10
371.617,112,112,53,4.9604984832e+10,4.981560064e+10
371.818,112,112,53,4.9616519168e+10,4.981560064e+10
372.019,112,112,53,4.963958784e+10,4.981560064e+10
372.220,112,112,53,4.964483072e+10,4.981560064e+10
372.422,112,112,53,4.9663705088e+10,4.981560064e+10
372.623,112,112,53,4.9666850816e+10,4.981560064e+10
372.824,112,112,53,4.9604984832e+10,4.981560064e+10
373.025,112,112,53,4.9637490688e+10,4.981560064e+10
373.226,112,112,53,4.9654267904e+10,4.981560064e+10
373.427,112,112,53,4.9674190848e+10,4.981560064e+10
373.628,112,112,53,4.9676288e+10,4.981560064e+10
373.829,112,112,53,4.9710891008e+10,4.981560064e+10
374.030,112,112,53,4.9716133888e+10,4.981560064e+10
374.232,112,112,53,4.9701453824e+10,4.981560064e+10
374.433,112,112,53,4.9658462208e+10,4.981560064e+10
374.634,112,112,53,4.9684676608e+10,4.981560064e+10
374.836,112,112,53,4.9685725184e+10,4.981560064e+10
375.037,112,112,53,4.968153088e+10,4.981560064e+10
375.238,112,112,53,4.963958784e+10,4.981560064e+10
375.439,112,112,53,4.9685725184e+10,4.981560064e+10
375.640,112,112,53,4.9711939584e+10,4.981560064e+10
375.841,112,112,53,4.973920256e+10,4.981560064e+10
376.042,112,112,53,4.9755979776e+10,4.981560064e+10
376.243,112,112,53,4.9736056832e+10,4.981560064e+10
376.444,112,112,53,4.9755979776e+10,4.981560064e+10
376.645,112,112,53,4.9771708416e+10,4.981560064e+10
376.846,112,112,53,4.9794777088e+10,4.981560064e+10
377.047,112,112,53,4.9758076928e+10,4.981560064e+10
377.248,112,112,53,4.976017408e+10,4.981560064e+10
377.450,112,112,53,4.97287168e+10,4.981560064e+10
377.651,112,112,53,4.9708793856e+10,4.981560064e+10
377.853,112,112,53,4.9740251136e+10,4.981560064e+10
378.054,112,112,53,4.97549312e+10,4.981560064e+10
378.255,112,112,53,4.9757028352e+10,4.981560064e+10
378.456,112,112,53,4.9793728512e+10,4.981560064e+10
378.657,112,112,53,4.9766465536e+10,4.981560064e+10
378.858,112,112,53,4.9782194176e+10,4.981560064e+10
379.060,112,112,53,4.980211712e+10,4.981560064e+10
379.261,112,112,53,4.9851400192e+10,4.981560064e+10
379.462,112,112,53,4.986503168e+10,4.981560064e+10
379.663,112,112,53,4.9871323136e+10,4.981560064e+10
379.864,112,112,53,4.9840914432e+10,4.981560064e+10
380.066,112,112,53,4.9840914432e+10,4.981560064e+10
380.267,112,112,53,4.9820991488e+10,4.981560064e+10
380.468,112,112,53,4.9801068544e+10,4.981560064e+10
380.669,112,112,53,4.9830428672e+10,4.981560064e+10
380.870,112,112,53,4.9827282944e+10,4.981560064e+10
381.071,112,112,53,4.9822040064e+10,4.981560064e+10
381.273,112,112,53,4.9790582784e+10,4.981560064e+10
381.474,112,112,53,4.9853497344e+10,4.981560064e+10
381.675,112,112,53,4.9852448768e+10,4.981560064e+10
381.876,112,112,53,4.9863983104e+10,4.981560064e+10
382.077,112,112,53,4.9926897664e+10,4.981560064e+10
382.278,112,112,53,4.993318912e+10,4.981560064e+10
382.479,112,112,53,4.9931091968e+10,4.981560064e+10
382.680,112,112,53,4.9895440384e+10,4.981560064e+10
382.881,112,112,53,4.98597888e+10,4.981560064e+10
383.082,112,112,53,4.9850351616e+10,4.981560064e+10
383.284,112,112,53,4.9855594496e+10,4.981560064e+10
383.485,112,112,53,4.9908023296e+10,4.981560064e+10
383.686,112,112,53,4.9913266176e+10,4.981560064e+10
383.887,112,112,53,4.9918509056e+10,4.981560064e+10
384.088,112,112,53,4.9889148928e+10,4.981560064e+10
384.289,112,112,53,4.9936334848e+10,4.981560064e+10
384.490,112,112,53,4.992270336e+10,4.981560064e+10
384.692,112,112,53,4.9892294656e+10,4.981560064e+10
384.893,112,112,53,4.994891776e+10,4.981560064e+10
385.094,112,112,53,4.9949966336e+10,4.981560064e+10
385.295,112,112,53,4.9952063488e+10,4.981560064e+10
385.496,112,112,53,4.9973035008e+10,4.981560064e+10
385.697,112,112,53,4.9951014912e+10,4.981560064e+10
385.898,112,112,53,4.9958354944e+10,4.981560064e+10
386.099,112,112,53,4.99122176e+10,4.981560064e+10
386.300,112,112,53,4.9925849088e+10,4.981560064e+10
386.501,112,112,53,4.9923751936e+10,4.981560064e+10
386.703,112,112,53,4.9919557632e+10,4.981560064e+10
386.904,112,112,53,4.9934237696e+10,4.981560064e+10
387.106,112,112,53,4.9989812224e+10,4.981560064e+10
387.307,112,112,53,4.9979326464e+10,4.981560064e+10
387.508,112,112,53,5.0007638016e+10,4.981560064e+10
387.709,112,112,53,5.0009735168e+10,4.981560064e+10
387.910,112,112,53,4.998561792e+10,4.981560064e+10
388.111,112,112,53,5.000134656e+10,4.981560064e+10
388.313,112,112,53,4.999610368e+10,4.981560064e+10
388.514,112,112,53,4.9973035008e+10,4.981560064e+10
388.715,112,112,53,4.9962549248e+10,4.981560064e+10
388.917,112,112,53,4.9955209216e+10,4.981560064e+10
389.118,112,112,53,5.0018123776e+10,4.981560064e+10
389.319,112,112,53,5.0009735168e+10,4.981560064e+10
389.520,112,112,53,5.0008686592e+10,4.981560064e+10
389.721,112,112,53,5.000134656e+10,4.981560064e+10
389.922,112,112,53,5.001183232e+10,4.981560064e+10
390.123,112,112,53,5.0028609536e+10,4.981560064e+10
390.325,112,112,53,5.0018123776e+10,4.981560064e+10
390.526,112,112,53,5.0026512384e+10,4.981560064e+10
390.727,112,112,53,5.0044338176e+10,4.981560064e+10
390.928,112,112,53,5.0026512384e+10,4.981560064e+10
391.129,112,112,53,5.0008686592e+10,4.981560064e+10
391.331,112,112,53,5.00432896e+10,4.981560064e+10
391.532,112,112,53,5.0030706688e+10,4.981560064e+10
391.733,112,112,53,5.00170752e+10,4.981560064e+10
391.934,112,112,53,5.0036998144e+10,4.981560064e+10
392.135,112,112,53,5.0065309696e+10,4.981560064e+10
392.336,112,112,53,5.005901824e+10,4.981560064e+10
392.537,112,112,53,5.0069504e+10,4.981560064e+10
392.738,112,112,53,5.0067406848e+10,4.981560064e+10
392.939,112,112,53,5.0039095296e+10,4.981560064e+10
393.140,112,112,53,5.0072649728e+10,4.981560064e+10
393.341,112,112,53,5.0081038336e+10,4.981560064e+10
393.543,112,112,53,5.0065309696e+10,4.981560064e+10
393.744,112,112,53,5.0089426944e+10,4.981560064e+10
393.945,112,112,53,5.0099912704e+10,4.981560064e+10
394.146,112,112,53,5.0094669824e+10,4.981560064e+10
394.347,112,112,53,5.0082086912e+10,4.981560064e+10
394.548,112,112,53,5.0077892608e+10,4.981560064e+10
394.749,112,112,53,5.0044338176e+10,4.981560064e+10
394.950,112,112,53,5.010620416e+10,4.981560064e+10
395.151,112,112,53,5.010620416e+10,4.981560064e+10
395.353,112,112,53,5.0093621248e+10,4.981560064e+10
395.554,112,112,53,5.015863296e+10,4.981560064e+10
395.755,112,112,53,5.0156535808e+10,4.981560064e+10
395.956,112,112,53,5.0159681536e+10,4.981560064e+10
396.157,112,112,53,5.0157584384e+10,4.981560064e+10
396.359,112,112,53,5.0150244352e+10,4.981560064e+10
396.560,112,112,53,5.007998976e+10,4.981560064e+10
396.761,112,112,53,5.0131369984e+10,4.981560064e+10
396.962,112,112,53,5.013241856e+10,4.981560064e+10
397.163,112,112,53,5.0130321408e+10,4.981560064e+10
397.364,112,112,53,5.0128224256e+10,4.981560064e+10
397.565,112,112,53,5.0107252736e+10,4.981560064e+10
397.766,112,112,53,5.0118787072e+10,4.981560064e+10
397.967,112,112,53,5.011668992e+10,4.981560064e+10
398.168,112,112,53,5.01219328e+10,4.981560064e+10
398.369,112,112,53,5.015339008e+10,4.981560064e+10
398.571,112,112,53,5.016911872e+10,4.981560064e+10
398.772,112,112,53,5.0165972992e+10,4.981560064e+10
398.973,112,112,53,5.0161778688e+10,4.981560064e+10
399.174,112,112,53,5.0167021568e+10,4.981560064e+10
399.375,112,112,53,5.0170167296e+10,4.981560064e+10
399.577,112,112,53,5.0134515712e+10,4.981560064e+10
399.778,112,112,53,5.0145001472e+10,4.981560064e+10
399.979,112,112,53,5.0103058432e+10,4.981560064e+10
400.180,112,112,53,5.0155487232e+10,4.981560064e+10
400.381,112,112,53,5.0152341504e+10,4.981560064e+10
400.582,112,112,53,5.0155487232e+10,4.981560064e+10
400.783,112,112,53,5.016911872e+10,4.981560064e+10
400.985,112,112,53,5.0191138816e+10,4.981560064e+10
401.186,112,112,53,5.0192187392e+10,4.981560064e+10
401.387,112,112,53,5.0183798784e+10,4.981560064e+10
401.588,112,112,53,5.0175410176e+10,4.981560064e+10
401.789,112,112,53,5.0143952896e+10,4.981560064e+10
401.990,112,112,53,5.0162827264e+10,4.981560064e+10
402.191,112,112,53,5.0191138816e+10,4.981560064e+10
402.392,112,112,53,5.023203328e+10,4.981560064e+10
402.593,112,112,53,5.0223644672e+10,4.981560064e+10
402.795,112,112,53,5.0131369984e+10,4.981560064e+10
402.997,112,112,53,5.0203721728e+10,4.981560064e+10
403.198,112,112,53,5.0203721728e+10,4.981560064e+10
403.399,112,112,53,5.0204770304e+10,4.981560064e+10
403.600,112,112,53,5.0203721728e+10,4.981560064e+10
403.801,112,112,53,5.0200576e+10,4.981560064e+10
404.003,112,112,53,5.0171215872e+10,4.981560064e+10
404.205,112,112,53,5.0183798784e+10,4.981560064e+10
404.406,112,112,53,5.0186944512e+10,4.981560064e+10
404.608,112,112,53,5.0182750208e+10,4.981560064e+10
404.809,112,112,53,5.0178555904e+10,4.981560064e+10
405.011,112,112,53,5.0193235968e+10,4.981560064e+10
405.213,112,112,53,5.0199527424e+10,4.981560064e+10
405.414,112,112,53,5.019533312e+10,4.981560064e+10
405.615,112,112,53,5.0197430272e+10,4.981560064e+10
405.816,112,112,53,5.0222596096e+10,4.981560064e+10
406.017,112,112,53,5.0244616192e+10,4.981560064e+10
406.218,112,112,53,5.0243567616e+10,4.981560064e+10
406.419,112,112,53,5.020581888e+10,4.981560064e+10
406.621,112,112,53,5.0212110336e+10,4.981560064e+10
406.823,112,112,53,5.0214207488e+10,4.981560064e+10
407.024,112,112,53,5.0213158912e+10,4.981560064e+10
407.225,112,112,53,5.0212110336e+10,4.981560064e+10
407.426,112,112,53,5.0229936128e+10,4.981560064e+10
407.628,112,112,53,5.0230984704e+10,4.981560064e+10
407.829,112,112,53,5.0230984704e+10,4.981560064e+10
408.030,112,112,53,5.023727616e+10,4.981560064e+10
408.231,112,112,53,5.023727616e+10,4.981560064e+10
408.433,112,112,53,5.019009024e+10,4.981560064e+10
408.634,112,112,53,5.0192187392e+10,4.981560064e+10
408.835,112,112,53,5.0196381696e+10,4.981560064e+10
409.036,112,112,53,5.0197430272e+10,4.981560064e+10
409.237,112,112,53,5.0197430272e+10,4.981560064e+10
409.439,112,112,53,5.0248810496e+10,4.981560064e+10
409.640,112,112,53,5.0251956224e+10,4.981560064e+10
409.841,112,112,53,5.0240421888e+10,4.981560064e+10
410.042,112,112,53,5.021106176e+10,4.981560064e+10
410.244,112,112,53,5.0235179008e+10,4.981560064e+10
410.446,112,112,53,5.0230984704e+10,4.981560064e+10
410.647,112,112,53,5.0224693248e+10,4.981560064e+10
410.848,112,112,53,5.0203721728e+10,4.981560064e+10
411.050,112,112,53,5.016387584e+10,4.981560064e+10
411.252,112,112,53,5.0181701632e+10,4.981560064e+10
411.453,112,112,53,5.0178555904e+10,4.981560064e+10
411.655,112,112,53,5.0183798784e+10,4.981560064e+10
411.856,112,112,53,5.0193235968e+10,4.981560064e+10
412.057,112,112,53,5.0229936128e+10,4.981560064e+10
412.259,112,112,53,5.022154752e+10,4.981560064e+10
412.460,112,112,53,5.021630464e+10,4.981560064e+10
412.662,112,112,53,5.0220498944e+10,4.981560064e+10
412.864,112,112,53,5.0245664768e+10,4.981560064e+10
413.065,112,112,53,5.023203328e+10,4.981560064e+10
413.266,112,112,53,5.0223644672e+10,4.981560064e+10
413.468,112,112,53,5.0254053376e+10,4.981560064e+10
413.670,112,112,53,5.0218401792e+10,4.981560064e+10
413.872,112,112,53,5.020581888e+10,4.981560064e+10
414.073,112,112,53,5.0214207488e+10,4.981560064e+10
414.274,112,112,53,5.0210013184e+10,4.981560064e+10
414.475,112,112,53,5.0187993088e+10,4.981560064e+10
414.677,112,112,53,5.0229936128e+10,4.981560064e+10
414.878,112,112,53,5.0220498944e+10,4.981560064e+10
415.079,112,112,53,5.0220498944e+10,4.981560064e+10
415.280,112,112,53,5.022154752e+10,4.981560064e+10
415.481,112,112,53,5.0224693248e+10,4.981560064e+10
415.682,112,112,53,5.0248810496e+10,4.981560064e+10
415.883,112,112,53,5.0251956224e+10,4.981560064e+10
416.085,112,112,53,5.0170167296e+10,4.981560064e+10
416.287,112,112,53,5.0215256064e+10,4.981560064e+10
416.488,112,112,53,5.0208964608e+10,4.981560064e+10
416.689,112,112,53,5.020581888e+10,4.981560064e+10
416.890,112,112,53,5.0194284544e+10,4.981560064e+10
417.091,112,112,53,5.0207916032e+10,4.981560064e+10
417.292,112,112,53,5.0201624576e+10,4.981560064e+10
417.493,112,112,53,5.019533312e+10,4.981560064e+10
417.694,112,112,53,5.0224693248e+10,4.981560064e+10
417.896,112,112,53,5.0238324736e+10,4.981560064e+10
418.097,112,112,53,5.0230984704e+10,4.981560064e+10
418.298,112,112,53,5.0241470464e+10,4.981560064e+10
418.499,112,112,53,5.0165972992e+10,4.981560064e+10
418.700,112,112,53,5.0172264448e+10,4.981560064e+10
418.900,112,112,53,5.0170167296e+10,4.981560064e+10
419.101,112,112,53,5.0170167296e+10,4.981560064e+10
419.303,112,112,53,5.0168070144e+10,4.981560064e+10
419.504,112,112,53,5.0173313024e+10,4.981560064e+10
419.705,112,112,53,5.0176458752e+10,4.981560064e+10
419.906,112,112,53,5.0248810496e+10,4.981560064e+10
420.107,112,112,53,5.0238324736e+10,4.981560064e+10
420.308,112,112,53,5.0220498944e+10,4.981560064e+10
420.509,112,112,53,5.0213158912e+10,4.981560064e+10
420.711,112,112,53,5.018484736e+10,4.981560064e+10
420.912,112,112,53,5.0193235968e+10,4.981560064e+10
421.114,112,112,53,5.0199527424e+10,4.981560064e+10
421.315,112,112,53,5.0187993088e+10,4.981560064e+10
421.516,112,112,53,5.017960448e+10,4.981560064e+10
421.717,112,112,53,5.0203721728e+10,4.981560064e+10
421.918,112,112,53,5.0214207488e+10,4.981560064e+10
422.120,112,112,53,5.019533312e+10,4.981560064e+10
422.322,112,112,53,5.0251956224e+10,4.981560064e+10
422.523,112,112,53,5.0248810496e+10,4.981560064e+10
422.724,112,112,53,5.0244616192e+10,4.981560064e+10
422.925,112,112,53,5.0241470464e+10,4.981560064e+10
423.126,112,112,53,5.0213158912e+10,4.981560064e+10
423.327,112,112,53,5.0215256064e+10,4.981560064e+10
423.528,112,112,53,5.018484736e+10,4.981560064e+10
423.730,112,112,53,5.0200576e+10,4.981560064e+10
423.931,112,112,53,5.0214207488e+10,4.981560064e+10
424.133,112,112,53,5.0204770304e+10,4.981560064e+10
424.334,112,112,53,5.0222596096e+10,4.981560064e+10
424.535,112,112,53,5.0217353216e+10,4.981560064e+10
424.736,112,112,53,5.021106176e+10,4.981560064e+10
424.937,112,112,53,5.021630464e+10,4.981560064e+10
425.139,112,112,53,5.0257199104e+10,4.981560064e+10
425.340,112,112,53,5.0236227584e+10,4.981560064e+10
425.541,112,112,53,5.0220498944e+10,4.981560064e+10
425.742,112,112,53,5.0255101952e+10,4.981560064e+10
425.944,112,112,53,5.024776192e+10,4.981560064e+10
426.144,112,112,53,5.0250907648e+10,4.981560064e+10
426.345,112,112,53,5.0249859072e+10,4.981560064e+10
426.547,112,112,53,5.0192187392e+10,4.981560064e+10
426.749,112,112,53,5.0187993088e+10,4.981560064e+10
426.950,112,112,53,5.0197430272e+10,4.981560064e+10
427.151,112,112,53,5.0189041664e+10,4.981560064e+10
427.352,112,112,53,5.0197430272e+10,4.981560064e+10
427.554,112,112,53,5.0218401792e+10,4.981560064e+10
427.755,112,112,53,5.021630464e+10,4.981560064e+10
427.956,112,112,53,5.0217353216e+10,4.981560064e+10
428.157,112,112,53,5.0185895936e+10,4.981560064e+10
428.359,112,112,53,5.0168070144e+10,4.981560064e+10
428.560,112,112,53,5.0187993088e+10,4.981560064e+10
428.762,112,112,53,5.0185895936e+10,4.981560064e+10
428.963,112,112,53,5.019533312e+10,4.981560064e+10
429.165,112,112,53,5.0204770304e+10,4.981560064e+10
429.366,112,112,53,5.0183798784e+10,4.981560064e+10
429.567,112,112,53,5.0228887552e+10,4.981560064e+10
429.769,112,112,53,5.02267904e+10,4.981560064e+10
429.970,112,112,53,5.022154752e+10,4.981560064e+10
430.171,112,112,53,5.0218401792e+10,4.981560064e+10
430.372,112,112,53,5.021630464e+10,4.981560064e+10
430.573,112,112,53,5.0206867456e+10,4.981560064e+10
430.775,112,112,53,5.02267904e+10,4.981560064e+10
430.977,112,112,53,5.0228887552e+10,4.981560064e+10
431.178,112,112,53,5.0227838976e+10,4.981560064e+10
431.379,112,112,53,5.0212110336e+10,4.981560064e+10
431.580,112,112,53,5.0212110336e+10,4.981560064e+10
431.781,112,112,53,5.0212110336e+10,4.981560064e+10
431.982,112,112,53,5.0218401792e+10,4.981560064e+10
432.183,112,112,53,5.0229873063e+10,4.981560064e+10
432.385,112,112,53,5.0239310247e+10,4.981560064e+10
432.586,112,112,53,5.0252941735e+10,4.981560064e+10
432.788,112,112,53,5.0191075751e+10,4.981560064e+10
432.989,112,112,53,5.0196318631e+10,4.981560064e+10
433.191,112,112,53,5.0194221479e+10,4.981560064e+10
433.392,112,112,53,5.0185832871e+10,4.981560064e+10
433.593,112,112,53,5.0185832871e+10,4.981560064e+10
433.795,112,112,53,5.0177444263e+10,4.981560064e+10
433.996,112,112,53,5.0171152807e+10,4.981560064e+10
434.197,112,112,53,5.0164861351e+10,4.981560064e+10
434.399,112,112,53,5.0186881447e+10,4.981560064e+10
434.600,112,112,53,5.0153488614e+10,4.981560064e+10
434.802,112,112,53,5.0155585766e+10,4.981560064e+10
435.003,112,112,53,5.0157682918e+10,4.981560064e+10
435.204,112,112,53,5.0138595413e+10,4.981560064e+10
435.406,112,112,53,5.0096048451e+10,4.981560064e+10
435.607,112,112,53,5.0093951299e+10,4.981560064e+10
435.809,112,112,53,5.0088708419e+10,4.981560064e+10
436.010,112,112,53,5.0093951299e+10,4.981560064e+10
436.212,112,112,53,5.0042571075e+10,4.981560064e+10
436.413,112,112,53,5.0052008259e+10,4.981560064e+10
436.614,112,112,53,5.0048862531e+10,4.981560064e+10
436.816,112,112,53,5.0049911107e+10,4.981560064e+10
437.017,112,112,53,4.9925849006e+10,4.981560064e+10
437.218,112,112,53,4.9928994734e+10,4.981560064e+10
437.420,112,112,53,4.9948917678e+10,4.981560064e+10
437.621,112,112,53,4.9944390901e+10,4.981560064e+10
437.823,112,112,53,4.9795186918e+10,4.981560064e+10
438.024,112,112,53,4.9775992179e+10,4.981560064e+10
438.226,112,112,53,4.9768652147e+10,4.981560064e+10
438.427,112,112,53,4.9762360691e+10,4.981560064e+10
438.628,112,112,53,4.9667988851e+10,4.981560064e+10
438.829,112,112,53,4.9672183155e+10,4.981560064e+10
439.030,112,112,53,4.9676377459e+10,4.981560064e+10
439.231,112,112,53,4.9628142963e+10,4.981560064e+10
439.432,112,112,53,4.9415847373e+10,4.981560064e+10
439.633,112,112,53,4.9421090253e+10,4.981560064e+10
439.834,112,112,53,4.9408507341e+10,4.981560064e+10
440.036,112,112,53,4.9193756734e+10,4.981560064e+10
440.237,112,112,53,4.9060639706e+10,4.981560064e+10
440.439,112,112,53,4.9052251098e+10,4.981560064e+10
440.640,112,112,53,4.9005065178e+10,4.981560064e+10
440.842,112,112,53,4.8973607898e+10,4.981560064e+10
441.043,112,112,53,4.8761575865e+10,4.981560064e+10
441.245,112,112,53,4.8750041529e+10,4.981560064e+10
441.446,112,112,53,4.8669301177e+10,4.981560064e+10
441.648,112,112,53,4.8361933596e+10,4.981560064e+10
441.850,112,112,53,4.8353575795e+10,4.981560064e+10
442.051,112,112,53,4.8198215413e+10,4.981560064e+10
442.253,112,112,53,4.8027624557e+10,4.981560064e+10
442.454,112,112,53,4.7832142175e+10,4.981560064e+10
442.656,112,112,53,4.7392610293e+10,4.981560064e+10
442.857,112,112,53,4.7289849845e+10,4.981560064e+10
443.059,112,112,53,4.7140345425e+10,4.981560064e+10
443.260,112,112,53,4.7045547293e+10,4.981560064e+10
443.462,112,112,53,4.6786691971e+10,4.981560064e+10
443.664,112,112,53,4.6415452294e+10,4.981560064e+10
443.866,112,112,53,4.5995820797e+10,4.981560064e+10
444.067,112,112,53,4.5734700876e+10,4.981560064e+10
444.268,112,112,53,4.5280667468e+10,4.981560064e+10
444.470,112,112,53,4.4963997516e+10,4.981560064e+10
444.672,112,112,53,4.4668500932e+10,4.981560064e+10
444.873,112,112,53,4.424146917e+10,4.981560064e+10
445.075,112,112,53,4.3396314195e+10,4.981560064e+10
445.277,112,112,53,4.2959390049e+10,4.981560064e+10
445.478,112,112,53,4.2361268566e+10,4.981560064e+10
445.680,112,112,53,4.1346969921e+10,4.981560064e+10
445.882,112,112,53,4.0799613249e+10,4.981560064e+10
446.083,112,112,53,3.9968253182e+10,4.981560064e+10
446.285,112,112,53,3.9332143495e+10,4.981560064e+10
446.487,112,112,53,3.8226881562e+10,4.981560064e+10
446.688,112,112,53,3.7132295075e+10,4.981560064e+10
446.890,112,112,53,3.593906555e+10,4.981560064e+10
447.091,112,112,53,3.4447963266e+10,4.981560064e+10
447.293,111,111,53,3.2945031953e+10,4.981560064e+10
447.495,109,109,54,3.1510330854e+10,4.981560064e+10
447.697,107,107,55,3.0129124745e+10,4.981560064e+10
447.898,107,107,55,2.9031589997e+10,4.981560064e+10
448.100,101,101,58,2.7865225051e+10,4.981560064e+10
448.302,99,99,59,2.6772059544e+10,4.981560064e+10
448.503,97,97,61,2.5399323855e+10,4.981560064e+10
448.705,90,90,65,2.4091788483e+10,4.981560064e+10
448.907,84,84,70,2.2519936668e+10,4.981560064e+10
449.109,75,75,79,2.0891141927e+10,4.981560064e+10
449.311,68,68,87,1.943437262e+10,4.981560064e+10
449.513,58,58,102,1.8023177533e+10,4.981560064e+10
449.715,49,49,121,1.7192252575e+10,4.981560064e+10
449.917,41,41,144,1.5488357367e+10,4.981560064e+10
450.118,35,35,169,1.3330756418e+10,4.981560064e+10
450.320,30,30,197,1.0106319359e+10,4.981560064e+10
450.521,15,15,223,6.682365011e+09,4.981560064e+10
450.723,10,10,223,2.918698838e+09,4.981560064e+10
450.924,1,1,223,2.9623528e+07,4.981560064e+10
